82933529
82933532
82933537
82933541
82933548
82933553
82933554
82933555
82934195
82934204
82934206
82934213
82934217
82934218
82934220
82934224
82934231
82934874
82934878
82934886
82934887
82934893
82934895
82934908
82935536
82935538
82935542
82935548
82935550
82935551
82935553
82936337
82936343
82936347
82936349
82936350
82936358
82936359
82937140
82937141
82937150
82937152
82937153
82937156
82937157
82937159
82937162
82937769
82937770
82937772
82937774
82937778
82937779
82937787
82937791
82937792
82938421
82938432
82938433
82938434
82938436
82938437
82938441
82938445
82938447
82939214
82939226
82939229
82939231
82939232
82939233
82939238
82939243
82940013
82940015
82940023
82940029
82940033
82940040
82940041
82940658
82940659
82940665
82940667
82940668
82940679
82940681
82940683
82940685
82941285
82941304
82941309
82941311
82941315
82941325
82942088
82942091
82942100
82942101
82942112
82942114
82942734
82942736
82942746
82942761
82943377
82943379
82943386
82943388
82943389
82943393
82943396
82943397
82944168
82944172
82944179
82944184
82944189
82944947
82944966
82944970
82944978
82945059
82945071
82945619
82945622
82945630
82945633
82945634
82946254
82946259
82946270
82946272
82946275
82946278
82946285
82946286
82946978
82947001
82947016
82947017
82947023
82947094
82947118
82947832
82947836
82947844
82947846
82947853
82947856
82947858
82947860
82947863
82948314
82948467
82948473
82948493
82948494
82948496
82948498
82948500
82949266
82949271
82949279
82949288
82949296
82949916
82949927
82949930
82949932
82949939
82950701
82950706
82950724
82951332
82951351
82951355
82951360
82951361
82951366
82951368
82951958
82951964
82951972
82951989
82952003
82952050
82952610
82952614
82952627
82952637
82953239
82953258
82953268
82954029
82954047
82954049
82954056
82954057
82954062
82954065
82954670
82954678
82954689
82955133
82955332
82955334
82955475
82955954
82955968
82955975
82955986
82955989
82956735
82956756
82956760
82956773
82956784
82957527
82957540
82957545
82958317
82958327
82958334
82958341
82958345
82958348
82958359
82959112
82959122
82959139
82959904
82959917
82960695
82960703
82961493
82961495
82961522
82962277
82962280
82962287
82962304
82962907
82962921
82963703
82963712
82963719
82963729
82964359
82964376
82964380
82964989
82964992
82965006
82965015
82965636
82965638
82965654
82965665
82966279
82966304
82966308
82966922
82966928
82967571
82967573
82967592
82967594
82967599
82967606
82968210
82968213
82968227
82968238
82968713
82968847
82968850
82968863
82968877
82969350
82969478
82969482
82969500
82969503
82969618
82970280
82970282
82970305
82970313
82970919
82970923
82970947
82970951
82971573
82971595
82971599
82971604
82972261
82972365
82972375
82972387
82972388
82972395
82972806
82972979
82973004
82973165
82973793
82973794
82973811
82974434
82974446
82974457
82974461
82975248
82975257
82975858
82975882
82975895
82975899
82976489
82976492
82976514
82977309
82977310
82977331
82977951
82977956
82977966
82978748
82978750
82978754
82978758
82978768
82978772
82979542
82979547
82979548
82979555
82980011
82980179
82980195
82980320
82980984
82980997
82980998
82981000
82981621
82981624
82981634
82981638
82981644
82982259
82982263
82982264
82982269
82982279
82982908
82982910
82982912
82983693
82983700
82983734
82984510
82984512
82984525
82984527
82985298
82985304
82985314
82986092
82986100
82986103
82986110
82986130
82986745
82986747
82986761
82986765
82987371
82987374
82987383
82987452
82988180
82988181
82988200
82988202
82988969
82988970
82988989
82989681
82989683
82989814
82989822
82990547
82990550
82990582
82991173
82991193
82991196
82991202
82991210
82991976
82991981
82991985
82991994
82992616
82992618
82992619
82993268
82993272
82993286
82993295
82993300
82993910
82993914
82993916
82993921
82993925
82993938
82994486
82994687
82994691
82995336
82995338
82995340
82995353
82996029
82996134
82996142
82996153
82996758
82996762
82996778
82997406
82998211
82998231
82998970
82998979
82998982
82999606
82999616
82999627
82999628
83000395
83000396
83000402
83000406
83000410
83000416
83001175
83001180
83001181
83001191
83001192
83001813
83001821
83001829
83002605
83002607
83002610
83002615
83002618
83003240
83003246
83003252
83003254
83003888
83003893
83003896
83003902
83003907
83003908
83003913
83003914
83004438
83004459
83004480
83004641
83005324
83005345
83005478
83005480
83005960
83005975
83005983
83006603
83006610
83007238
83007241
83007249
83007257
83008104
83008668
83008699
83009458
83009460
83009478
83009489
83010255
83010260
83010272
83010275
83010286
83011055
83011075
83011752
83011874
83012613
83012622
83012636
83012638
83013158
83013264
83013270
83013281
83013291
83013796
83013911
83014536
83014549
83014551
83014566
83015184
83015189
83015198
83015882
83015973
83015976
83015989
83015990
83016000
83016765
83016770
83016780
83016794
83017552
83017556
83017573
83018192
83018212
83018214
83018717
83018876
83018899
83018922
83019457
83019459
83019470
83019482
83020259
83020260
83020273
83020888
83020906
83020914
83021672
83021673
83021677
83022465
83022470
83022478
83022482
83022488
83023106
83023108
83023113
83023119
83023127
83023762
83023764
83023780
83024406
83024407
83024410
83024412
83025049
83025052
83025058
83025060
83025846
83025850
83025854
83026468
83026609
83026623
83026641
83026728
83026737
83027285
83027286
83027307
83027312
83027935
83027940
83027947
83028730
83028731
83028734
83029530
83029532
83029537
83029540
83029541
83030156
83030939
83030945
83030951
83031570
83031580
83031585
83031591
83032208
83032209
83032212
83032221
83032230
83032231
83033000
83033005
83033007
83033008
83033012
83033641
83033650
83033651
83033653
83033657
83033780
83034296
83034298
83034300
83034305
83034310
83035077
83035088
83035101
83035102
83035103
83035723
83035731
83035743
83035752
83036364
83036380
83036383
83036392
83037013
83037020
83037028
83037036
83037040
83037643
83037655
83037668
83038281
83038293
83038299
83038301
83039070
83039081
83039085
83039090
83039094
83039635
83039649
83039775
83039810
83040492
83040501
83040505
83040512
83040513
83040524
83041315
83041316
83041951
83041959
83041965
83041968
83042741
83042749
83042754
83042769
83042775
83043379
83043396
83043402
83043407
83043996
83044176
83044186
83044196
83044199
83044972
83044981
83044985
83044993
83044999
83045002
83045618
83045620
83045638
83046246
83046249
83046251
83046268
83047032
83047043
83047044
83047045
83047063
83047670
83047674
83047686
83047700
83048318
83048321
83048326
83048337
83049104
83049106
83049741
83049746
83049749
83049750
83050516
83050524
83050561
83050562
83050570
83051311
83051326
83051327
83052124
83052130
83052136
83052150
83052764
83052779
83052784
83052789
83053402
83053407
83053410
83054191
83054192
83054200
83054201
83054210
83054832
83054834
83054840
83055473
83055483
83056285
83056907
83056912
83056919
83056920
83056941
83057699
83057700
83058338
83058343
83058349
83058985
83058989
83058999
83059019
83059776
83059781
83059789
83059805
83060290
83060484
83060507
83060554
83061053
83061061
83061063
83061071
83061838
83061846
83061859
83061865
83061869
83062491
83062507
83062518
83063297
83063302
83063315
83063327
83063344
83063919
83063928
83063933
83064727
83064737
83065329
83065356
83065411
83065418
83065424
83066004
83066011
83066022
83066023
83066030
83066791
83066802
83066803
83066817
83067579
83067593
83067595
83067604
83067610
83068111
83068121
83068130
83068272
83068289
83068851
83068857
83068874
83069662
83069663
83069668
83069685
83070447
83070455
83070459
83070461
83071085
83071095
83071102
83071105
83071115
83071724
83071731
83071737
83071739
83072370
83072377
83072380
83072392
83073180
83073981
83073987
83073997
83073998
83074006
83074779
83074794
83074799
83075571
83075573
83075579
83076359
83076360
83076384
83077175
83077179
83077186
83077819
83077821
83077835
83078610
83078616
83078622
83078623
83079258
83079264
83079272
83079274
83079277
83079284
83079889
83080549
83080557
83080558
83080559
83080562
83080568
83081199
83081211
83081212
83081213
83081996
83082018
83082022
83082798
83082818
83082838
83083431
83083434
83083440
83083461
83084253
83084259
83084318
83084353
83084898
83084917
83084925
83085546
83085552
83085565
83086194
83086200
83086986
83087046
83087632
83087639
83087658
83088278
83088288
83088297
83088309
83088936
83088945
83088960
83089732
83089742
83089745
83090375
83090377
83090381
83091191
83091197
83091830
83091839
83091847
83091848
83092396
83092607
83092634
83093262
83093277
83093306
83093316
83094063
83094070
83094077
83094084
83094731
83094736
83094754
83095309
83095524
83095534
83095957
83096169
83096179
83096188
83096965
83096971
83097629
83097633
83098319
83098328
83098329
83098340
83099119
83099122
83099127
83099140
83099785
83099786
83099797
83099808
83100256
83100432
83100437
83100452
83100456
83100462
83101152
83101155
83101193
83101819
83101837
83102505
83102507
83102529
83102536
83102538
83103227
83103354
83103361
83103390
83104174
83104176
83104185
83104895
83104897
83104904
83105582
83105585
83106264
83106268
83106280
83106985
83106994
83107011
83107791
83107796
83107817
83107829
83108633
83108641
83108659
83109521
83110213
83110886
83110889
83110895
83110920
83110925
83111549
83111554
83112230
83112234
83112237
83112251
83112257
83113049
83113051
83113053
83113074
83113717
83113718
83113742
83113744
83114363
83114366
83115192
83115225
83115962
83115963
83115979
83116761
83116765
83116792
83116794
83117623
83117630
83117631
83118436
83118442
83118445
83118467
83119290
83119291
83120094
83120099
83120103
83120721
83120737
83120772
83120793
83121532
83121539
83121545
83121567
83122357
83122358
83122391
83123033
83123042
83123066
83123836
83123846
83123851
83123866
83124498
83124502
83124506
83125302
83125313
83125317
83125331
83126170
83126172
83126962
83126968
83127002
83127762
83127772
83127774
83128442
83128455
83129071
83129074
83129076
83129861
83129863
83129868
83129892
83130638
83130643
83130645
83130672
83131426
83131429
83131432
83132041
83132064
83132841
83132842
83132843
83133560
83133666
83133797
83134307
83134308
83135146
83135772
83135773
83135997
83136566
83136571
83137350
83137353
83137361
83137370
83138139
83138144
83138838
83138848
83139487
83140091
83140096
83140109
83140112
83140748
83140760
83141419
83142213
83142216
83143044
83143106
83143153
83143933
83143941
83144641
83145300
83145304
83145310
83146106
83146107
83146759
83147416
83147419
83148226
83148925
83148926
83149733
83149741
83149742
83151040
83151044
83151689
83153249
83153251
83153896
83153904
83154550
83154560
83155175
83155188
83155194
83155969
83155974
83156607
83156608
83157234
83158014
83158028
83158704
83159487
83159491
83160124
83160126
83160129
83160139
83160916
83160923
83161705
83161710
83161716
83162568
83162584
83162585
83163211
83163224
83163225
83164005
83164008
83164635
83164643
83164644
83164650
83165468
83165476
83166258
83166263
83166268
83166274
83166898
83166903
83166909
83166914
83167544
83167549
83167551
83168185
83168191
83168192
83168198
83168202
83168204
83168826
83168830
83168831
83168836
83168842
83169734
83170107
83170112
83170120
83170897
83170906
83170907
83170911
83171635
83171642
83171646
83171647
83171649
83172277
83172282
83172284
83172289
83172967
83172977
83173608
83173613
83173615
83173616
83174247
83174252
83174254
83174260
83175065
83175839
83175840
83175841
83175848
83175849
83176617
83176620
83177452
83177459
83178091
83178095
83178103
83178105
83178735
83178743
83178745
83179542
83179547
83179548
83179554
83180318
83180326
83180330
83180334
83180335
83180977
83180979
83180984
83180987
83180990
83181790
83182574
83182579
83183215
83183222
83184001
83184806
83184812
83185600
83185604
83185608
83186257
83186258
83187039
83187044
83187052
83187884
83187891
83187892
83187899
83188537
83188547
83189187
83189191
83189819
83189825
83189827
83189828
83189829
88151473
88151595
88151609
88151618
88151629
88152025
88152149
88152177
88152179
88152286
88152679
88152683
88152686
88152688
88152692
88152709
88152754
88153243
88153244
88153746
88153756
88153767
88153768
88154279
88154284
88154292
88154299
88154713
88154717
88154795
88154833
88154837
88155283
88155337
88155340
88155350
88155351
88155359
88155786
88155795
88155874
88155875
88155883
88155884
88155886
88155891
88155892
88155893
88155904
88156420
88156424
88156431
88156434
88156445
88156991
88157007
88157008
88157527
88157529
88157531
88157532
88157548
88157549
88157970
88158062
88158065
88158069
88158070
88158077
88158078
88158126
88158585
88158596
88159038
88159048
88159118
88159141
88159144
88159194
88159639
88159643
88159644
88159662
88160170
88160171
88160200
88160754
88161277
88161289
88161295
88161594
88161722
88161730
88161793
88161795
88161801
88161803
88161844
88162328
88162332
88162860
88162861
88162865
88163314
88163392
88163844
88163918
88163921
88163923
88164488
88165023
88165025
88165029
88165480
88165484
88165554
88165561
88165994
88166070
88166077
88166094
88166097
88166531
88166600
88167067
88167131
88167569
88167585
88168666
88168694
88168755
88169736
88169837
88170257
88170789
88170890
88171237
88171332
88171404
88171910
88172324
88172405
88172479
88172867
88172962
88173006
88173532
88174034
88174082
88174617
88174928
88175064
88175078
88175546
88175597
88176353
88176639
88177203
88177416
88177671
88177730
88178241
88178509
88178786
88178802
88179274
88179285
88179286
88179819
88179841
88180295
88180653
88180822
88180829
88180921
88181414
88181966
88181971
88182485
88182804
88182985
88183388
88183607
88183912
88184045
88184062
88184620
88185088
88185105
88185608
88185612
88185640
88186112
88186123
88186177
88186677
88187227
88187237
88187736
88187742
88187747
88187799
88187804
88188263
88188272
88188276
88188798
88189326
88189416
88190385
88190414
88190487
88191377
88191434
88191459
88191461
88191502
88191945
88192013
88192025
88192500
88192583
88193068
88193105
88193496
88193629
88194158
88194192
88194668
88195221
88195508
88195657
88195680
88196166
88196298
88196752
88197316
88197330
88197829
88197860
88199435
88199483
88200003
88200529
88201040
88202087
88202640
88203168
88203729
88203954
88204229
88204232
88204771
88205803
88206332
88206352
88207692
88207887
88207928
88209472
88210362
88210571
88211039
88211042
88211145
88211566
88211861
88212110
88213164
88213244
88213695
88214255
88216447
88218761
88220005
88220136
88220579
88223249
88223586
88224112
88224901
88225947
88226350
88226787
88227555
88229115
88229425
88231083
88232593
88233725
88235253
88238973
88239078
88239095
88242818
88243841
88245349
88245806
88246984
88247537
88248549
88249669
88250109
88250170
88250187
88252245
88252299
88252305
88252819
88253380
88253885
88254317
88254377
88254832
88254923
88255361
88255899
88256172
88256424
88256504
88256717
88258299
88258549
88258841
88258974
88260140
88260674
88262271
88262820
88263330
88264756
88265816
88266013
88266032
88266353
88266891
88266988
88268514
88269146
88270125
88270752
88271299
88271325
88272144
88272266
88272674
88272790
88273308
88273767
88274302
88274706
88274852
88274975
88275927
88276480
88276592
88276868
88277970
88278502
88278632
88279004
88279697
88279717
88280083
88280166
88280233
88281132
88282185
88282349
88282965
88283263
88283437
88283752
88283792
88284828
88284947
88284986
88285275
88285351
88285383
88285572
88285882
88286010
88286365
88286429
88286928
88287449
88287488
88287696
88287943
88287982
88288731
88289140
88289166
88289377
88289732
88290187
88292283
88292292
88292817
88293851
88294334
88294597
88294854
88295359
88295464
88295491
88295910
88296414
88296452
88296944
88297035
88297175
88297204
88297470
88298059
88298570
88298658
88299080
88299092
88299587
88299686
88300124
88300130
88300220
88300642
88300654
88301384
88301393
88301667
88301696
88302205
88302388
88302734
88302795
88302837
88302948
88303266
88303395
88303789
88304352
88304411
88304445
88304577
88305015
88305392
88305454
88305941
88305953
88306023
88306625
88306681
88306995
88306996
88307005
88307120
88307497
88307517
88307527
88307609
88307652
88307684
88308026
88308037
88308041
88308566
88308696
88308740
88309073
88309093
88309178
88309580
88309597
88309604
88309611
88309614
88309616
88309648
88309793
88310113
88310116
88310117
88310127
88310152
88310221
88310630
88310631
88310633
88310638
88310642
88310648
88310759
88310787
88311151
88311152
88311155
88311159
88311214
88311286
88311312
88311668
88311670
88311671
88311676
88311745
88311805
88312239
88312244
88312254
88312260
88312267
88312268
88312291
88312754
88312764
88312768
88312783
88312785
88312802
88312819
88313279
88313284
88313293
88313307
88313317
88313322
88313788
88313790
88313792
88313800
88313807
88313812
88313814
88313823
88313827
88313857
88314283
88314303
88314322
88314327
88314444
88314819
88314821
88314822
88314826
88314829
88314834
88314838
88314845
88314847
88315322
88315323
88315326
88315329
88315348
88315352
88315840
88315850
88315857
88315859
88315875
88315931
88316355
88316365
88316367
88316371
88316372
88316376
88316379
88316389
88316395
88316858
88316873
88316885
88316900
88316902
88316906
88316908
88316928
88317036
88317383
88317393
88317398
88317411
88317414
88317415
88317534
88317895
88317901
88317919
88317921
88317926
88317936
88318407
88318412
88318421
88318422
88318432
88318433
88318444
88318451
88318457
88318461
88318468
88318628
88318921
88318930
88318940
88318941
88318945
88318947
88318948
88318953
88318979
88319452
88319454
88319459
88319466
88319482
88319498
88319943
88319960
88319962
88319965
88319970
88319975
88319981
88319982
88320466
88320476
88320481
88320491
88320494
88320497
88320502
88320504
88320506
88320517
88320519
88320987
88320989
88320999
88321009
88321010
88321015
88321016
88321037
88321502
88321517
88321518
88321525
88321531
88321535
88321537
88321545
88321546
88322037
88322038
88322041
88322049
88322050
88322051
88322059
88322067
88322093
88322606
88322611
88322621
88322623
88322630
88322634
88322639
88322839
88323120
88323126
88323128
88323137
88323144
88323148
88323152
88323157
88323640
88323647
88323660
88323665
88323673
88323674
88323682
88323688
88323693
88324164
88324168
88324169
88324178
88324183
88324189
88324191
88324195
88324206
88324210
88324229
88324675
88324685
88324686
88324699
88324710
88324713
88324715
88324747
88325207
88325214
88325221
88325222
88325224
88325229
88325232
88325235
88325239
88325240
88325724
88325744
88325746
88325766
88325768
88325769
88326248
88326258
88326260
88326268
88326272
88326284
88326289
88326299
88326763
88326764
88326768
88326770
88326776
88326783
88326787
88326790
88326799
88327166
88327275
88327281
88327282
88327283
88327286
88327291
88327293
88327297
88327299
88327304
88327306
88327308
88327315
88327674
88327780
88327781
88327786
88327789
88327797
88327808
88327811
88327826
88328208
88328299
88328306
88328313
88328314
88328320
88328324
88328328
88328334
88328335
88328363
88328846
88328847
88328855
88328857
88328858
88328860
88328882
88328891
88328901
88329371
88329372
88329375
88329376
88329377
88329410
88329460
88329892
88329902
88329904
88329906
88329907
88329913
88329921
88329922
88329925
88329927
88329962
88330433
88330435
88330436
88330443
88330444
88330448
88330952
88330956
88330964
88330965
88330976
88330977
88330984
88331469
88331477
88331484
88331486
88331493
88331497
88331499
88331503
88331540
88331998
88332007
88332010
88332011
88332016
88332017
88332018
88332021
88332022
88332509
88332511
88332514
88332522
88332531
88332535
88332540
88332551
88332591
88333027
88333035
88333037
88333040
88333043
88333049
88333057
88333067
88333075
88333077
88333532
88333542
88333555
88333557
88333562
88333578
88333589
88334018
88334071
88334081
88334085
88334095
88334098
88334099
88334135
88334573
88334586
88334606
88334612
88335123
88335126
88335130
88335132
88335137
88335147
88335152
88335169
88335171
88335185
88335645
88335650
88335654
88335655
88335663
88335668
88335672
88335708
88336119
88336165
88336167
88336169
88336172
88336175
88336204
88336207
88336653
88336694
88336695
88336697
88336699
88336702
88336704
88336721
88336725
88336761
88337215
88337221
88337222
88337224
88337227
88337229
88337232
88337243
88337247
88337733
88337737
88337745
88337746
88337750
88337758
88337777
88338278
88338279
88338284
88338291
88338296
88338303
88338311
88338762
88338804
88338805
88338806
88338807
88338812
88338819
88338823
88339243
88339281
88339325
88339326
88339331
88339332
88339341
88339344
88339852
88339854
88339858
88339864
88339867
88339871
88339873
88339890
88339918
88340365
88340379
88340382
88340385
88340391
88340396
88340425
88340435
89223740
89275052
89279150
89280751
89319263
89321832
89396259
89400492
89403661
89408383
89412054
89416291
89424476
89425012
89427154
89429331
89435770
89448135
89448672
89449210
89517289
89529447
89530577
89535031
89536163
89538398
89538817
89539380
89539508
89541621
89542181
89545496
89546065
89548291
89548848
89549951
89550496
89551052
89553254
89558303
89559976
89561597
89567102
89568777
89569810
89570312
89571358
89571367
89571904
89572470
89572474
89573008
89573019
89574098
89574651
89574657
89574802
89575751
89575757
89576301
89576308
89576855
89576864
89577385
89577923
89577951
89579574
89579588
89580111
89580655
89580804
89581211
89581289
89581785
89582360
89582853
89582872
89583398
89583423
89583939
89584502
89585028
89586113
89586659
89587238
89587770
89588302
89588844
89589388
89589944
89590497
89591044
89591057
89591059
89591598
89592144
89592163
89592692
89592700
89593253
89593795
89593802
89594339
89594883
89594901
89595980
89595991
89596526
89596538
89597073
89597113
89598721
89599281
89599828
89599842
89600388
89600389
89600407
89600937
89601509
89601517
89602074
89602083
89602626
89603157
89603702
89604252
89604260
89605925
89605941
89605949
89606475
89607020
89608115
89608674
89609819
89610354
89610909
89611467
89612015
89612033
89612577
89613133