82933529
82933532
82933537
82933541
82933547
82933548
82933552
82933553
82933554
82933555
82933556
82933561
82934195
82934204
82934206
82934213
82934217
82934218
82934220
82934222
82934223
82934224
82934230
82934231
82934236
82934244
82934247
82934874
82934878
82934883
82934886
82934887
82934893
82934895
82934898
82934901
82934903
82934907
82934908
82935530
82935536
82935538
82935542
82935545
82935548
82935550
82935551
82935553
82935559
82935564
82935572
82936336
82936337
82936343
82936347
82936349
82936350
82936355
82936357
82936358
82936359
82936364
82936365
82937140
82937141
82937150
82937152
82937153
82937156
82937157
82937159
82937162
82937177
82937178
82937769
82937770
82937772
82937774
82937778
82937779
82937787
82937788
82937791
82937792
82937873
82938419
82938421
82938432
82938433
82938434
82938436
82938437
82938441
82938443
82938445
82938446
82938447
82938448
82938450
82938453
82938455
82938457
82939214
82939226
82939229
82939231
82939232
82939233
82939238
82939243
82939245
82939254
82939255
82939259
82940013
82940015
82940022
82940023
82940024
82940029
82940033
82940036
82940040
82940041
82940045
82940047
82940658
82940659
82940665
82940667
82940668
82940678
82940679
82940681
82940683
82940685
82941285
82941304
82941309
82941311
82941315
82941322
82941325
82942088
82942091
82942100
82942101
82942112
82942114
82942117
82942122
82942734
82942736
82942746
82942747
82942748
82942751
82942758
82942760
82942761
82942772
82943377
82943379
82943386
82943388
82943389
82943390
82943393
82943396
82943397
82943404
82943408
82943409
82944168
82944172
82944179
82944184
82944187
82944189
82944190
82944191
82944192
82944193
82944199
82944947
82944966
82944970
82944977
82944978
82944979
82944983
82944984
82944985
82944986
82944990
82945013
82945018
82945059
82945071
82945619
82945622
82945630
82945632
82945633
82945634
82945640
82945649
82945654
82946254
82946259
82946270
82946272
82946275
82946278
82946279
82946285
82946286
82946290
82946292
82946293
82946295
82946978
82947001
82947016
82947017
82947020
82947023
82947027
82947028
82947094
82947097
82947105
82947117
82947118
82947120
82947832
82947836
82947844
82947846
82947848
82947853
82947855
82947856
82947858
82947860
82947863
82947864
82947868
82947870
82947873
82948314
82948315
82948467
82948473
82948493
82948494
82948496
82948498
82948500
82948624
82949266
82949271
82949279
82949288
82949296
82949305
82949916
82949927
82949928
82949930
82949932
82949935
82949939
82949942
82950701
82950706
82950721
82950724
82950726
82950727
82950737
82950749
82951332
82951351
82951355
82951360
82951361
82951365
82951366
82951367
82951368
82951380
82951774
82951958
82951964
82951972
82951985
82951989
82951992
82951996
82952000
82952002
82952003
82952005
82952006
82952007
82952050
82952610
82952614
82952627
82952637
82952638
82952642
82952644
82952649
82952652
82952660
82953239
82953258
82953268
82953274
82953275
82953280
82953282
82953284
82953289
82953293
82953299
82954029
82954047
82954049
82954055
82954056
82954057
82954062
82954064
82954065
82954066
82954070
82954076
82954078
82954463
82954670
82954678
82954689
82954702
82954713
82954718
82954719
82955133
82955315
82955324
82955326
82955331
82955332
82955333
82955334
82955336
82955339
82955341
82955349
82955475
82955954
82955968
82955975
82955984
82955986
82955988
82955989
82955998
82956002
82956007
82956735
82956756
82956760
82956764
82956772
82956773
82956776
82956781
82956784
82956785
82956793
82956797
82957527
82957540
82957545
82957563
82957573
82957582
82958317
82958327
82958334
82958341
82958345
82958348
82958359
82958361
82959112
82959122
82959130
82959138
82959139
82959147
82959148
82959160
82959904
82959917
82959934
82959936
82959937
82959944
82959949
82959950
82960695
82960703
82960731
82960732
82960738
82960745
82961493
82961495
82961518
82961522
82961526
82961531
82961537
82961538
82961543
82962277
82962280
82962287
82962295
82962304
82962310
82962320
82962907
82962913
82962915
82962916
82962921
82962928
82962943
82962956
82962960
82963703
82963712
82963719
82963729
82963741
82964349
82964359
82964376
82964380
82964384
82964989
82964992
82965006
82965014
82965015
82965029
82965031
82965032
82965033
82965636
82965638
82965654
82965665
82965670
82965677
82965678
82966279
82966303
82966304
82966306
82966308
82966313
82966315
82966317
82966323
82966922
82966928
82966950
82966953
82966964
82966966
82966968
82967571
82967573
82967592
82967594
82967599
82967606
82967608
82967609
82967612
82968210
82968213
82968227
82968229
82968232
82968234
82968238
82968244
82968257
82968261
82968713
82968847
82968850
82968863
82968866
82968877
82968881
82968882
82968884
82968895
82968905
82969350
82969478
82969482
82969500
82969502
82969503
82969511
82969618
82970157
82970280
82970282
82970305
82970307
82970313
82970919
82970923
82970947
82970951
82970956
82970957
82970964
82970969
82970970
82971571
82971573
82971595
82971599
82971604
82971610
82972261
82972365
82972367
82972375
82972387
82972388
82972395
82972396
82972402
82972806
82972886
82972979
82973004
82973006
82973165
82973793
82973794
82973810
82973811
82973815
82973823
82973824
82973826
82974434
82974446
82974457
82974461
82975143
82975232
82975239
82975248
82975250
82975251
82975257
82975258
82975789
82975858
82975882
82975885
82975893
82975894
82975895
82975899
82975901
82976489
82976492
82976514
82976526
82976529
82977309
82977310
82977329
82977331
82977348
82977881
82977951
82977956
82977966
82977969
82977974
82977982
82978748
82978750
82978754
82978758
82978765
82978768
82978770
82978772
82979542
82979547
82979548
82979555
82979557
82979559
82979561
82979564
82980011
82980179
82980194
82980195
82980196
82980208
82980320
82980984
82980997
82980998
82980999
82981000
82981003
82981006
82981010
82981012
82981018
82981032
82981621
82981624
82981634
82981638
82981641
82981644
82981653
82981655
82982259
82982263
82982264
82982269
82982279
82982281
82982283
82982285
82982289
82982908
82982910
82982912
82982926
82982928
82982934
82982938
82982945
82983693
82983700
82983734
82983738
82983746
82983755
82984506
82984510
82984512
82984520
82984525
82984527
82984531
82984532
82984547
82985298
82985304
82985314
82985326
82985331
82986092
82986100
82986103
82986110
82986123
82986128
82986130
82986138
82986745
82986747
82986761
82986765
82986773
82986777
82986781
82986785
82987371
82987374
82987381
82987383
82987452
82987461
82987478
82988180
82988181
82988185
82988200
82988201
82988202
82988204
82988211
82988212
82988216
82988969
82988970
82988971
82988989
82989011
82989681
82989683
82989686
82989689
82989814
82989822
82989842
82989856
82989857
82990547
82990550
82990552
82990582
82990589
82991004
82991173
82991193
82991196
82991202
82991210
82991212
82991976
82991981
82991985
82991990
82991994
82992616
82992618
82992619
82992647
82992667
82993268
82993272
82993281
82993286
82993295
82993300
82993910
82993914
82993916
82993921
82993925
82993938
82994486
82994687
82994691
82994718
82995336
82995338
82995340
82995353
82995368
82996029
82996081
82996134
82996142
82996153
82996155
82996758
82996762
82996775
82996778
82996781
82996793
82996795
82996797
82997406
82997434
82998164
82998178
82998179
82998211
82998231
82998970
82998979
82998982
82998983
82998985
82998991
82998999
82999606
82999616
82999627
82999628
83000395
83000396
83000402
83000406
83000410
83000414
83000416
83001175
83001180
83001181
83001191
83001192
83001212
83001216
83001813
83001821
83001829
83001838
83002605
83002607
83002610
83002615
83002618
83002623
83003240
83003246
83003252
83003254
83003888
83003893
83003896
83003902
83003907
83003908
83003913
83003914
83004438
83004459
83004480
83004506
83004641
83004648
83005324
83005344
83005345
83005358
83005362
83005478
83005480
83005960
83005975
83005983
83005986
83005991
83006603
83006610
83006612
83006627
83006629
83006639
83006645
83006650
83007238
83007241
83007249
83007257
83007261
83007268
83007274
83007275
83007277
83007278
83008104
83008112
83008130
83008133
83008140
83008142
83008668
83008699
83008836
83009458
83009460
83009478
83009489
83009499
83010255
83010258
83010260
83010268
83010272
83010275
83010286
83010290
83010294
83011055
83011061
83011062
83011075
83011085
83011752
83011874
83011888
83011901
83011913
83011915
83011932
83011943
83012613
83012622
83012625
83012636
83012637
83012638
83012646
83013158
83013264
83013270
83013281
83013291
83013305
83013310
83013796
83013909
83013911
83013927
83013939
83013944
83013949
83014536
83014549
83014551
83014557
83014566
83014569
83014570
83014584
83015180
83015184
83015189
83015198
83015200
83015206
83015882
83015973
83015976
83015989
83015990
83016000
83016765
83016770
83016780
83016794
83017467
83017552
83017556
83017564
83017573
83017575
83017586
83017587
83018192
83018212
83018214
83018215
83018223
83018717
83018876
83018886
83018899
83018901
83018922
83019283
83019457
83019459
83019470
83019480
83019482
83019489
83019490
83019501
83020259
83020260
83020268
83020273
83020274
83020285
83020290
83020888
83020902
83020906
83020914
83020918
83020921
83021672
83021673
83021677
83021691
83021700
83021703
83021708
83021719
83022465
83022470
83022478
83022482
83022487
83022488
83022492
83022494
83022497
83023106
83023108
83023113
83023117
83023119
83023127
83023128
83023129
83023132
83023762
83023764
83023780
83023782
83024406
83024407
83024410
83024412
83024425
83024436
83025021
83025049
83025052
83025053
83025058
83025060
83025069
83025072
83025076
83025846
83025850
83025854
83025856
83025859
83025866
83025872
83026468
83026609
83026623
83026641
83026726
83026728
83026737
83027285
83027286
83027298
83027303
83027306
83027307
83027310
83027312
83027313
83027935
83027940
83027947
83027948
83027949
83027952
83027958
83028730
83028731
83028734
83028737
83028747
83028756
83029523
83029530
83029532
83029537
83029539
83029540
83029541
83029550
83030142
83030153
83030156
83030164
83030177
83030939
83030945
83030951
83031570
83031571
83031580
83031585
83031591
83032208
83032209
83032212
83032221
83032230
83032231
83032233
83032236
83032239
83032241
83033000
83033005
83033007
83033008
83033012
83033017
83033022
83033641
83033650
83033651
83033653
83033657
83033663
83033673
83033780
83034296
83034298
83034300
83034305
83034309
83034310
83035077
83035088
83035101
83035102
83035103
83035108
83035723
83035731
83035743
83035752
83035753
83036364
83036380
83036383
83036392
83037013
83037020
83037028
83037036
83037040
83037643
83037655
83037668
83037671
83038281
83038293
83038295
83038299
83038301
83038311
83038319
83039070
83039081
83039085
83039090
83039094
83039096
83039635
83039649
83039766
83039770
83039775
83039810
83040492
83040501
83040505
83040512
83040513
83040524
83041315
83041316
83041339
83041951
83041959
83041965
83041968
83041985
83042741
83042749
83042754
83042761
83042766
83042769
83042775
83042789
83043379
83043396
83043402
83043407
83043996
83044176
83044186
83044196
83044199
83044972
83044981
83044985
83044993
83044999
83045002
83045005
83045618
83045620
83045622
83045635
83045638
83046246
83046248
83046249
83046251
83046268
83046280
83047032
83047043
83047044
83047045
83047063
83047075
83047670
83047674
83047679
83047686
83047700
83047701
83047714
83048318
83048321
83048326
83048337
83048367
83049104
83049106
83049741
83049746
83049749
83049750
83049776
83049780
83050516
83050524
83050526
83050553
83050561
83050562
83050570
83051311
83051322
83051326
83051327
83051362
83051381
83052124
83052130
83052136
83052138
83052150
83052158
83052172
83052764
83052779
83052784
83052789
83052792
83052796
83052800
83052804
83053402
83053407
83053410
83053421
83053428
83053431
83054191
83054192
83054200
83054201
83054204
83054210
83054215
83054216
83054220
83054832
83054834
83054840
83054841
83054852
83054856
83054858
83054863
83055473
83055474
83055476
83055483
83055493
83055494
83055495
83056261
83056264
83056270
83056277
83056285
83056288
83056291
83056907
83056912
83056919
83056920
83056937
83056941
83057699
83057700
83057715
83057730
83057736
83057739
83057741
83058338
83058343
83058349
83058371
83058374
83058985
83058989
83058997
83058999
83059019
83059021
83059023
83059024
83059027
83059030
83059679
83059690
83059776
83059781
83059789
83059802
83059804
83059805
83059821
83060283
83060290
83060296
83060308
83060311
83060484
83060498
83060505
83060507
83060554
83060965
83061053
83061061
83061063
83061067
83061071
83061074
83061077
83061838
83061846
83061859
83061865
83061869
83061871
83062430
83062491
83062504
83062507
83062515
83062518
83062523
83062524
83063297
83063302
83063315
83063319
83063327
83063344
83063919
83063928
83063933
83063957
83064727
83064729
83064737
83064745
83064755
83064760
83065329
83065356
83065411
83065418
83065424
83065428
83065433
83066004
83066011
83066012
83066022
83066023
83066026
83066030
83066031
83066034
83066041
83066767
83066791
83066802
83066803
83066817
83066822
83066827
83066828
83067579
83067593
83067595
83067604
83067610
83068111
83068121
83068130
83068272
83068289
83068851
83068857
83068873
83068874
83069662
83069663
83069668
83069673
83069685
83069695
83070447
83070455
83070459
83070461
83070471
83070474
83070475
83071085
83071095
83071102
83071105
83071115
83071724
83071731
83071737
83071739
83071753
83071769
83072370
83072377
83072380
83072392
83072400
83072402
83073180
83073200
83073204
83073205
83073212
83073235
83073981
83073987
83073997
83073998
83074006
83074013
83074017
83074779
83074786
83074794
83074799
83074807
83074811
83074818
83074821
83074825
83074831
83075571
83075573
83075578
83075579
83075616
83075617
83076359
83076360
83076363
83076383
83076384
83077175
83077179
83077186
83077189
83077192
83077199
83077819
83077821
83077835
83077839
83077844
83078610
83078616
83078622
83078623
83078636
83078648
83079258
83079264
83079272
83079274
83079277
83079284
83079285
83079286
83079293
83079889
83079905
83079909
83079912
83079922
83079926
83080549
83080557
83080558
83080559
83080562
83080568
83080580
83081199
83081209
83081211
83081212
83081213
83081222
83081996
83082015
83082017
83082018
83082022
83082028
83082030
83082034
83082798
83082808
83082818
83082822
83082835
83082836
83082837
83082838
83082839
83083431
83083434
83083440
83083443
83083461
83083465
83083466
83084253
83084259
83084318
83084328
83084353
83084898
83084905
83084917
83084918
83084925
83084950
83085546
83085552
83085560
83085565
83085592
83086194
83086200
83086206
83086209
83086225
83086237
83086986
83087042
83087046
83087074
83087632
83087639
83087658
83087666
83088278
83088288
83088297
83088304
83088309
83088313
83088936
83088945
83088951
83088960
83088969
83089732
83089742
83089745
83089770
83090374
83090375
83090377
83090381
83090390
83090404
83091191
83091197
83091214
83091219
83091221
83091830
83091839
83091847
83091848
83091876
83092396
83092607
83092616
83092631
83092634
83093066
83093262
83093277
83093306
83093316
83093330
83094063
83094070
83094077
83094084
83094093
83094096
83094731
83094736
83094754
83094777
83095309
83095524
83095534
83095552
83095557
83095560
83095566
83095957
83096169
83096179
83096188
83096965
83096971
83096982
83096983
83096989
83097003
83097405
83097619
83097629
83097633
83097643
83097653
83097668
83098114
83098319
83098328
83098329
83098340
83098353
83099119
83099122
83099127
83099140
83099155
83099589
83099785
83099786
83099797
83099804
83099808
83099826
83100256
83100432
83100437
83100452
83100456
83100462
83101152
83101155
83101189
83101193
83101819
83101837
83102372
83102505
83102507
83102529
83102536
83102538
83102577
83103227
83103354
83103361
83103383
83103390
83103437
83104174
83104176
83104185
83104895
83104897
83104904
83104916
83104937
83104964
83105582
83105585
83105592
83105599
83106264
83106268
83106280
83106288
83106326
83106985
83106994
83107011
83107017
83107026
83107791
83107796
83107817
83107829
83108633
83108641
83108659
83108734
83109521
83109573
83109600
83110213
83110233
83110886
83110889
83110895
83110920
83110925
83110933
83111549
83111554
83111577
83112230
83112234
83112237
83112251
83112253
83112257
83112270
83113049
83113051
83113053
83113074
83113717
83113718
83113742
83113744
83114363
83114366
83114392
83114402
83114405
83115192
83115225
83115229
83115237
83115962
83115963
83115979
83116761
83116765
83116792
83116794
83116796
83116805
83117623
83117630
83117631
83117654
83118436
83118442
83118445
83118467
83118480
83118483
83119290
83119291
83119298
83119315
83120094
83120099
83120103
83120116
83120123
83120721
83120737
83120772
83120793
83121532
83121539
83121545
83121567
83121573
83122357
83122358
83122368
83122391
83123033
83123042
83123066
83123072
83123075
83123078
83123079
83123836
83123846
83123851
83123866
83123876
83123892
83124498
83124502
83124506
83124524
83125302
83125313
83125317
83125331
83125349
83126170
83126172
83126962
83126968
83126974
83127002
83127762
83127772
83127774
83128398
83128442
83128455
83128519
83129071
83129074
83129076
83129103
83129123
83129861
83129863
83129868
83129892
83129897
83130638
83130643
83130645
83130672
83131426
83131429
83131432
83132041
83132064
83132841
83132842
83132843
83132877
83132878
83133560
83133666
83133755
83133797
83134307
83134308
83134334
83135145
83135146
83135179
83135772
83135773
83135997
83136566
83136571
83136591
83137350
83137353
83137361
83137370
83137373
83138139
83138144
83138163
83138193
83138244
83138838
83138848
83139482
83139487
83140091
83140096
83140109
83140112
83140748
83140755
83140760
83140782
83140784
83141417
83141419
83141441
83141447
83141448
83142213
83142216
83142224
83142243
83142256
83143044
83143058
83143106
83143153
83143933
83143941
83143954
83144641
83144649
83144657
83144660
83144674
83145300
83145304
83145310
83145321
83146106
83146107
83146117
83146122
83146128
83146759
83146773
83146775
83146779
83146781
83147416
83147419
83147438
83148170
83148226
83148227
83148229
83148240
83148873
83148925
83148926
83149733
83149741
83149742
83149744
83149759
83150377
83150382
83150397
83150398
83150399
83151040
83151043
83151044
83151052
83151689
83151696
83151712
83151714
83152351
83153249
83153251
83153266
83153269
83153896
83153904
83153908
83153913
83154550
83154560
83154571
83155175
83155188
83155194
83155202
83155208
83155969
83155974
83155992
83155994
83155996
83156000
83156607
83156608
83156619
83157229
83157234
83157243
83157244
83158014
83158024
83158028
83158030
83158035
83158702
83158704
83158711
83158713
83158716
83158717
83158724
83159487
83159491
83159496
83159500
83159502
83159508
83159511
83160124
83160126
83160129
83160133
83160138
83160139
83160142
83160146
83160916
83160917
83160923
83160926
83160932
83161705
83161710
83161714
83161716
83161718
83161720
83161721
83162568
83162574
83162584
83162585
83162588
83162589
83162590
83163211
83163217
83163220
83163224
83163225
83163226
83163229
83163235
83164005
83164008
83164012
83164015
83164017
83164635
83164643
83164644
83164650
83164651
83164652
83164655
83164657
83165468
83165476
83165479
83165484
83165496
83166258
83166263
83166268
83166273
83166274
83166281
83166898
83166902
83166903
83166909
83166914
83166916
83166920
83167544
83167549
83167551
83167565
83167573
83168185
83168191
83168192
83168198
83168202
83168204
83168826
83168830
83168831
83168836
83168840
83168842
83169465
83169731
83169734
83170107
83170112
83170113
83170120
83170125
83170897
83170906
83170907
83170911
83170917
83170918
83170919
83171635
83171642
83171645
83171646
83171647
83171649
83171650
83171654
83172277
83172278
83172282
83172284
83172286
83172288
83172289
83172294
83172967
83172977
83172979
83172981
83172983
83172985
83173608
83173613
83173615
83173616
83173620
83173624
83173625
83173626
83174247
83174252
83174254
83174256
83174260
83174261
83174262
83174264
83175034
83175047
83175049
83175050
83175065
83175839
83175840
83175841
83175848
83175849
83175851
83175852
83176530
83176617
83176619
83176620
83176623
83176626
83176630
83177452
83177459
83177469
83178091
83178095
83178103
83178105
83178735
83178743
83178745
83178750
83178751
83179542
83179547
83179548
83179554
83179558
83179560
83179567
83180318
83180326
83180330
83180334
83180335
83180341
83180977
83180979
83180984
83180987
83180990
83181767
83181782
83181788
83181790
83181794
83182570
83182574
83182576
83182579
83183215
83183219
83183222
83183223
83184001
83184011
83184024
83184042
83184806
83184812
83184815
83184829
83185600
83185604
83185608
83185609
83185611
83185618
83186257
83186258
83186268
83186273
83187039
83187044
83187048
83187052
83187054
83187057
83187059
83187884
83187891
83187892
83187899
83187908
83188535
83188536
83188537
83188547
83188559
83189186
83189187
83189191
83189819
83189825
83189827
83189828
83189829
83189836
88152679
88152709
88155340
88162865
88165561
88166077
88172479
88175064
88177730
88179274
88187237
88211042
88211566
88213164
89538398
89541621
89542181
89545496
89548848
89549951
89550496
89553254
89558303
89559976
89571358
89571367
89571904
89572470
89572474
89573008
89574098
89574651
89575751
89575757
89576301
89576855
89577385
89577923
89577951
89579574
89580111
89580655
89581211
89583939
89586659
89588302
89588844
89589388
89589944
89590497
89591044
89592692
89592700
89593795
89593802
89594339
89594883
89596526
89596538
89597073
89598721
89600389
89603157
89603702
89605925
89605941
89607020
89608115
89608674
89610909
89612033
89612577