82933529
82933532
82933537
82933541
82933542
82933547
82933548
82933552
82933553
82933554
82933555
82933556
82933561
82933564
82933566
82933567
82933573
82933577
82934195
82934204
82934206
82934213
82934217
82934218
82934220
82934222
82934223
82934224
82934230
82934231
82934232
82934233
82934236
82934241
82934243
82934244
82934245
82934246
82934247
82934257
82934874
82934878
82934883
82934886
82934887
82934890
82934893
82934895
82934898
82934901
82934903
82934907
82934908
82934910
82934913
82934914
82934916
82934918
82934922
82934924
82934926
82934941
82935530
82935536
82935538
82935542
82935545
82935547
82935548
82935550
82935551
82935553
82935557
82935559
82935562
82935564
82935568
82935571
82935572
82935576
82935579
82935582
82936336
82936337
82936343
82936347
82936349
82936350
82936355
82936357
82936358
82936359
82936360
82936362
82936364
82936365
82936366
82936371
82936373
82936374
82936378
82936384
82936386
82936387
82936395
82936400
82937140
82937141
82937150
82937152
82937153
82937156
82937157
82937159
82937162
82937167
82937169
82937170
82937176
82937177
82937178
82937181
82937182
82937186
82937198
82937769
82937770
82937772
82937774
82937778
82937779
82937786
82937787
82937788
82937791
82937792
82937793
82937828
82937843
82937861
82937863
82937872
82937873
82937878
82937886
82937934
82937954
82938419
82938421
82938432
82938433
82938434
82938436
82938437
82938441
82938443
82938445
82938446
82938447
82938448
82938450
82938451
82938453
82938455
82938457
82938462
82938463
82938474
82938476
82939214
82939226
82939229
82939231
82939232
82939233
82939238
82939242
82939243
82939245
82939248
82939249
82939250
82939254
82939255
82939257
82939259
82939260
82939263
82939265
82939266
82939269
82939281
82940013
82940015
82940022
82940023
82940024
82940029
82940033
82940036
82940038
82940040
82940041
82940044
82940045
82940047
82940048
82940051
82940052
82940055
82940057
82940059
82940061
82940065
82940066
82940067
82940073
82940658
82940659
82940665
82940667
82940668
82940670
82940677
82940678
82940679
82940681
82940683
82940685
82940687
82940694
82940698
82940705
82940706
82940707
82940709
82940710
82941285
82941304
82941307
82941308
82941309
82941311
82941312
82941315
82941318
82941320
82941322
82941325
82941349
82941355
82942088
82942091
82942100
82942101
82942112
82942113
82942114
82942117
82942122
82942126
82942127
82942130
82942131
82942134
82942141
82942143
82942149
82942152
82942734
82942736
82942746
82942747
82942748
82942750
82942751
82942754
82942757
82942758
82942760
82942761
82942765
82942771
82942772
82942775
82942779
82942782
82942783
82942787
82942792
82943377
82943379
82943386
82943388
82943389
82943390
82943393
82943396
82943397
82943400
82943403
82943404
82943408
82943409
82943412
82943421
82943425
82943428
82943429
82944168
82944172
82944179
82944184
82944187
82944188
82944189
82944190
82944191
82944192
82944193
82944195
82944199
82944200
82944208
82944209
82944210
82944219
82944229
82944947
82944966
82944970
82944976
82944977
82944978
82944979
82944981
82944982
82944983
82944984
82944985
82944986
82944990
82945004
82945013
82945015
82945018
82945059
82945071
82945114
82945619
82945622
82945630
82945632
82945633
82945634
82945640
82945642
82945643
82945646
82945648
82945649
82945651
82945652
82945654
82945656
82945658
82945661
82945662
82945664
82945667
82945686
82946254
82946259
82946269
82946270
82946272
82946275
82946278
82946279
82946283
82946285
82946286
82946290
82946292
82946293
82946295
82946296
82946301
82946302
82946303
82946978
82947001
82947016
82947017
82947020
82947023
82947025
82947027
82947028
82947044
82947065
82947077
82947094
82947097
82947105
82947117
82947118
82947120
82947151
82947832
82947836
82947844
82947846
82947848
82947853
82947855
82947856
82947858
82947859
82947860
82947863
82947864
82947865
82947867
82947868
82947870
82947871
82947873
82947874
82947878
82947879
82947887
82947891
82947895
82948314
82948315
82948467
82948473
82948481
82948488
82948491
82948493
82948494
82948496
82948498
82948500
82948501
82948502
82948504
82948505
82948517
82948518
82948624
82948626
82949266
82949271
82949279
82949284
82949287
82949288
82949296
82949301
82949305
82949318
82949319
82949320
82949321
82949325
82949916
82949927
82949928
82949930
82949932
82949933
82949935
82949936
82949939
82949942
82949946
82949951
82949953
82949960
82950701
82950706
82950719
82950721
82950724
82950726
82950727
82950730
82950732
82950733
82950734
82950735
82950737
82950749
82950756
82950757
82950760
82951332
82951351
82951355
82951357
82951360
82951361
82951365
82951366
82951367
82951368
82951374
82951375
82951376
82951377
82951378
82951379
82951380
82951386
82951389
82951391
82951393
82951396
82951397
82951774
82951958
82951964
82951966
82951972
82951985
82951989
82951991
82951992
82951996
82951998
82952000
82952002
82952003
82952005
82952006
82952007
82952017
82952019
82952049
82952050
82952065
82952610
82952614
82952627
82952637
82952638
82952642
82952644
82952646
82952649
82952652
82952655
82952656
82952660
82952663
82952665
82952671
82952672
82952682
82953239
82953258
82953268
82953274
82953275
82953278
82953280
82953282
82953284
82953288
82953289
82953293
82953299
82953301
82953307
82953310
82953315
82954029
82954047
82954049
82954055
82954056
82954057
82954062
82954064
82954065
82954066
82954067
82954069
82954070
82954075
82954076
82954078
82954081
82954082
82954084
82954090
82954097
82954107
82954110
82954463
82954670
82954678
82954689
82954694
82954697
82954702
82954706
82954707
82954710
82954712
82954713
82954716
82954718
82954719
82954720
82954725
82954737
82954738
82954740
82955133
82955315
82955324
82955326
82955329
82955331
82955332
82955333
82955334
82955336
82955338
82955339
82955341
82955343
82955349
82955352
82955353
82955354
82955356
82955366
82955370
82955475
82955773
82955954
82955968
82955975
82955984
82955986
82955987
82955988
82955989
82955994
82955998
82956001
82956002
82956007
82956010
82956013
82956018
82956019
82956024
82956031
82956735
82956756
82956760
82956764
82956772
82956773
82956774
82956776
82956781
82956784
82956785
82956788
82956793
82956795
82956797
82956801
82956805
82957527
82957540
82957545
82957563
82957565
82957571
82957573
82957582
82957586
82957588
82957592
82957597
82958317
82958327
82958334
82958341
82958345
82958347
82958348
82958354
82958359
82958361
82958363
82958365
82958370
82958374
82958375
82958379
82958383
82958385
82958390
82958391
82959112
82959122
82959130
82959138
82959139
82959144
82959147
82959148
82959154
82959156
82959160
82959168
82959172
82959180
82959202
82959904
82959917
82959924
82959934
82959936
82959937
82959944
82959945
82959946
82959949
82959950
82959951
82959955
82959957
82959962
82960695
82960703
82960719
82960731
82960732
82960738
82960740
82960741
82960744
82960745
82960746
82960747
82960748
82960749
82960752
82960753
82960756
82960757
82960758
82960768
82961493
82961495
82961503
82961515
82961518
82961522
82961526
82961531
82961537
82961538
82961543
82961552
82961555
82961559
82962277
82962280
82962287
82962295
82962299
82962302
82962304
82962309
82962310
82962320
82962328
82962329
82962330
82962336
82962337
82962340
82962342
82962344
82962345
82962733
82962907
82962913
82962915
82962916
82962921
82962928
82962932
82962936
82962943
82962949
82962950
82962956
82962957
82962960
82962961
82963703
82963712
82963719
82963727
82963728
82963729
82963732
82963737
82963738
82963741
82963756
82963758
82963764
82964349
82964359
82964369
82964372
82964376
82964378
82964380
82964384
82964400
82964401
82964404
82964408
82964989
82964992
82965006
82965014
82965015
82965016
82965019
82965025
82965029
82965031
82965032
82965033
82965050
82965060
82965636
82965638
82965654
82965665
82965670
82965674
82965677
82965678
82965680
82965693
82965700
82966279
82966303
82966304
82966306
82966308
82966313
82966315
82966317
82966318
82966321
82966323
82966324
82966335
82966386
82966922
82966928
82966949
82966950
82966953
82966964
82966966
82966968
82966976
82966977
82966980
82966987
82966988
82966998
82967571
82967573
82967592
82967594
82967599
82967606
82967608
82967609
82967612
82967614
82967615
82967619
82967621
82967625
82967629
82967631
82967634
82968071
82968210
82968213
82968227
82968229
82968232
82968234
82968238
82968244
82968257
82968261
82968268
82968271
82968713
82968847
82968850
82968863
82968866
82968875
82968877
82968881
82968882
82968884
82968895
82968897
82968905
82968911
82968918
82968921
82969321
82969350
82969478
82969482
82969500
82969502
82969503
82969511
82969526
82969614
82969618
82969619
82969647
82969655
82970157
82970280
82970282
82970291
82970298
82970305
82970307
82970313
82970316
82970318
82970322
82970329
82970337
82970806
82970919
82970923
82970947
82970951
82970956
82970957
82970963
82970964
82970969
82970970
82970977
82970979
82970980
82970983
82971461
82971571
82971573
82971595
82971596
82971599
82971604
82971605
82971608
82971610
82971614
82971615
82971619
82971623
82971625
82971626
82972261
82972365
82972367
82972375
82972387
82972388
82972395
82972396
82972399
82972402
82972405
82972410
82972413
82972418
82972419
82972424
82972806
82972886
82972979
82973004
82973006
82973009
82973015
82973017
82973019
82973020
82973030
82973165
82973793
82973794
82973800
82973810
82973811
82973815
82973818
82973823
82973824
82973826
82973831
82973833
82973835
82973839
82973845
82973846
82974434
82974446
82974457
82974459
82974461
82974466
82974471
82974476
82974483
82974485
82974490
82974495
82974501
82975143
82975232
82975239
82975248
82975250
82975251
82975257
82975258
82975259
82975260
82975262
82975266
82975268
82975269
82975271
82975272
82975275
82975276
82975283
82975292
82975789
82975858
82975882
82975885
82975893
82975894
82975895
82975899
82975901
82975912
82975913
82975923
82975928
82976427
82976489
82976492
82976514
82976518
82976520
82976525
82976526
82976529
82976532
82976550
82976666
82977309
82977310
82977324
82977327
82977329
82977330
82977331
82977345
82977347
82977348
82977349
82977351
82977881
82977947
82977951
82977956
82977963
82977966
82977969
82977974
82977982
82977990
82977993
82977994
82977996
82977997
82978000
82978748
82978750
82978754
82978758
82978763
82978765
82978768
82978770
82978771
82978772
82978777
82978778
82978796
82978801
82979490
82979542
82979547
82979548
82979550
82979555
82979557
82979558
82979559
82979561
82979564
82979569
82979574
82979580
82980011
82980014
82980179
82980194
82980195
82980196
82980200
82980204
82980206
82980208
82980209
82980222
82980227
82980320
82980934
82980984
82980995
82980997
82980998
82980999
82981000
82981002
82981003
82981006
82981007
82981008
82981010
82981012
82981018
82981020
82981032
82981621
82981624
82981634
82981638
82981641
82981644
82981649
82981653
82981655
82981656
82981663
82981665
82981668
82981672
82982259
82982263
82982264
82982269
82982279
82982281
82982283
82982284
82982285
82982289
82982295
82982302
82982304
82982908
82982910
82982912
82982921
82982926
82982928
82982931
82982934
82982936
82982938
82982944
82982945
82982948
82982950
82982953
82982957
82982959
82982961
82983520
82983693
82983700
82983703
82983731
82983734
82983735
82983738
82983742
82983746
82983751
82983755
82984506
82984510
82984512
82984520
82984524
82984525
82984527
82984531
82984532
82984537
82984545
82984547
82984552
82984553
82985283
82985298
82985303
82985304
82985314
82985326
82985331
82985333
82985338
82985361
82985363
82986092
82986100
82986103
82986110
82986120
82986123
82986128
82986130
82986138
82986140
82986144
82986150
82986745
82986747
82986750
82986761
82986763
82986765
82986770
82986773
82986777
82986781
82986785
82986794
82986802
82987371
82987374
82987381
82987383
82987394
82987452
82987455
82987461
82987472
82987474
82987478
82987499
82987501
82988180
82988181
82988185
82988200
82988201
82988202
82988204
82988211
82988212
82988216
82988220
82988224
82988969
82988970
82988971
82988987
82988988
82988989
82989000
82989002
82989004
82989007
82989011
82989016
82989017
82989025
82989027
82989033
82989681
82989683
82989686
82989689
82989695
82989697
82989814
82989822
82989842
82989843
82989845
82989846
82989854
82989856
82989857
82989861
82989865
82989871
82990547
82990550
82990552
82990569
82990572
82990582
82990585
82990586
82990588
82990589
82990594
82990595
82990598
82990600
82990602
82990604
82990619
82991004
82991173
82991193
82991196
82991202
82991204
82991208
82991210
82991212
82991219
82991227
82991228
82991230
82991231
82991233
82991252
82991285
82991289
82991976
82991981
82991985
82991990
82991994
82992011
82992013
82992021
82992028
82992030
82992031
82992038
82992044
82992052
82992616
82992618
82992619
82992633
82992636
82992642
82992647
82992654
82992657
82992662
82992667
82992669
82992673
82992675
82993266
82993268
82993272
82993281
82993286
82993295
82993299
82993300
82993305
82993311
82993317
82993321
82993325
82993327
82993330
82993910
82993914
82993916
82993921
82993925
82993931
82993938
82993945
82993954
82993958
82993961
82993965
82993967
82993969
82993976
82994486
82994489
82994687
82994691
82994703
82994718
82994719
82994732
82994733
82994741
82994744
82994746
82994756
82994759
82994761
82994765
82994769
82995336
82995338
82995340
82995353
82995365
82995367
82995368
82995370
82995377
82995387
82995390
82995395
82995402
82996029
82996061
82996081
82996084
82996134
82996138
82996142
82996153
82996155
82996164
82996172
82996758
82996762
82996775
82996776
82996778
82996781
82996784
82996793
82996795
82996797
82996798
82996802
82996803
82996811
82996816
82997406
82997414
82997419
82997434
82997436
82997438
82997441
82997442
82997444
82997451
82997456
82998164
82998172
82998178
82998179
82998192
82998209
82998210
82998211
82998219
82998221
82998231
82998235
82998970
82998979
82998982
82998983
82998985
82998989
82998990
82998991
82998999
82999001
82999004
82999006
82999009
82999016
82999606
82999616
82999627
82999628
82999631
82999632
82999636
82999643
82999647
82999648
82999651
82999652
82999663
83000395
83000396
83000402
83000406
83000410
83000414
83000415
83000416
83000423
83000426
83000434
83000436
83000440
83000441
83001175
83001180
83001181
83001191
83001192
83001199
83001205
83001208
83001212
83001214
83001216
83001813
83001819
83001821
83001825
83001829
83001838
83001839
83001840
83001845
83001849
83001862
83001866
83002605
83002607
83002610
83002615
83002618
83002623
83002632
83002633
83002634
83002645
83002648
83002652
83002654
83003240
83003244
83003246
83003252
83003254
83003265
83003266
83003275
83003278
83003290
83003304
83003888
83003893
83003896
83003902
83003907
83003908
83003913
83003914
83003923
83003925
83003935
83003940
83004438
83004459
83004480
83004492
83004493
83004497
83004506
83004641
83004646
83004648
83004653
83005324
83005344
83005345
83005353
83005358
83005362
83005367
83005371
83005373
83005380
83005478
83005480
83005960
83005975
83005983
83005986
83005989
83005991
83006001
83006010
83006011
83006013
83006015
83006016
83006030
83006603
83006610
83006612
83006627
83006629
83006639
83006642
83006645
83006648
83006650
83006654
83006655
83006658
83006662
83007238
83007241
83007249
83007257
83007261
83007268
83007271
83007274
83007275
83007277
83007278
83007285
83007286
83007289
83007292
83007293
83007301
83007882
83007885
83007903
83008104
83008112
83008130
83008133
83008140
83008142
83008145
83008152
83008154
83008668
83008688
83008699
83008700
83008712
83008717
83008721
83008723
83008726
83008727
83008836
83009458
83009460
83009462
83009476
83009478
83009489
83009490
83009499
83009502
83009506
83009511
83009521
83010255
83010258
83010260
83010268
83010272
83010275
83010286
83010290
83010294
83010301
83010305
83010309
83010319
83010320
83011055
83011061
83011062
83011075
83011085
83011087
83011095
83011098
83011099
83011105
83011110
83011702
83011752
83011874
83011888
83011900
83011901
83011909
83011913
83011915
83011932
83011943
83011946
83011947
83011956
83011957
83012613
83012622
83012625
83012636
83012637
83012638
83012643
83012646
83012649
83012656
83012671
83012676
83012793
83013158
83013264
83013270
83013281
83013291
83013297
83013305
83013306
83013308
83013310
83013311
83013316
83013332
83013796
83013909
83013911
83013927
83013939
83013944
83013945
83013946
83013948
83013949
83013959
83014440
83014536
83014549
83014551
83014557
83014566
83014569
83014570
83014584
83014592
83015180
83015184
83015189
83015198
83015199
83015200
83015206
83015214
83015217
83015222
83015227
83015234
83015242
83015255
83015882
83015973
83015976
83015978
83015989
83015990
83015991
83016000
83016005
83016029
83016677
83016765
83016770
83016780
83016784
83016794
83016808
83017467
83017552
83017556
83017564
83017573
83017575
83017586
83017587
83017589
83017591
83017595
83017596
83017605
83017620
83018107
83018192
83018209
83018212
83018213
83018214
83018215
83018216
83018223
83018225
83018228
83018232
83018234
83018251
83018717
83018721
83018876
83018886
83018897
83018899
83018901
83018904
83018907
83018917
83018922
83018923
83018927
83019283
83019457
83019459
83019470
83019475
83019480
83019482
83019489
83019490
83019501
83019504
83019510
83019519
83020259
83020260
83020268
83020273
83020274
83020283
83020285
83020286
83020289
83020290
83020299
83020832
83020888
83020902
83020906
83020911
83020914
83020918
83020919
83020921
83020927
83020932
83020938
83020950
83021672
83021673
83021677
83021687
83021691
83021698
83021700
83021703
83021708
83021714
83021719
83021725
83022465
83022470
83022478
83022482
83022487
83022488
83022492
83022494
83022497
83022503
83023067
83023106
83023108
83023113
83023117
83023119
83023125
83023127
83023128
83023129
83023132
83023142
83023729
83023762
83023764
83023771
83023780
83023782
83023783
83023789
83023791
83023792
83024375
83024406
83024407
83024410
83024412
83024425
83024428
83024435
83024436
83024442
83024443
83024448
83024450
83025021
83025049
83025052
83025053
83025058
83025060
83025066
83025069
83025072
83025073
83025076
83025086
83025090
83025846
83025850
83025854
83025856
83025859
83025863
83025866
83025869
83025871
83025872
83026468
83026469
83026604
83026609
83026623
83026641
83026711
83026726
83026728
83026734
83026737
83026746
83026747
83027264
83027285
83027286
83027298
83027303
83027306
83027307
83027310
83027312
83027313
83027315
83027323
83027329
83027935
83027940
83027947
83027948
83027949
83027952
83027958
83027962
83027967
83027978
83027983
83027984
83028730
83028731
83028734
83028737
83028747
83028751
83028755
83028756
83028759
83028766
83028771
83029523
83029530
83029532
83029535
83029537
83029539
83029540
83029541
83029547
83029550
83029558
83029564
83030142
83030148
83030150
83030153
83030156
83030164
83030177
83030178
83030939
83030945
83030951
83030952
83030954
83030961
83030962
83030963
83030966
83030969
83030970
83030980
83030985
83030989
83031570
83031571
83031580
83031585
83031591
83031592
83031597
83031598
83031600
83031603
83031612
83031617
83032208
83032209
83032212
83032214
83032221
83032230
83032231
83032233
83032236
83032237
83032239
83032241
83032245
83033000
83033005
83033007
83033008
83033012
83033017
83033022
83033043
83033641
83033650
83033651
83033653
83033657
83033662
83033663
83033673
83033675
83033677
83033685
83033775
83033780
83034296
83034298
83034300
83034305
83034309
83034310
83034311
83034312
83034316
83034318
83034328
83034331
83034338
83035077
83035088
83035101
83035102
83035103
83035105
83035108
83035114
83035121
83035123
83035723
83035731
83035736
83035743
83035752
83035753
83035756
83035760
83035766
83036364
83036380
83036383
83036392
83036394
83036401
83036402
83036409
83036411
83036418
83036425
83037013
83037020
83037028
83037036
83037040
83037041
83037049
83037050
83037054
83037068
83037069
83037469
83037643
83037655
83037660
83037668
83037671
83037688
83037691
83037707
83038281
83038293
83038295
83038299
83038301
83038311
83038314
83038319
83038326
83038333
83039070
83039081
83039085
83039090
83039094
83039096
83039103
83039109
83039112
83039116
83039119
83039122
83039124
83039125
83039131
83039142
83039635
83039649
83039656
83039672
83039766
83039770
83039775
83039784
83039790
83039810
83040492
83040501
83040505
83040512
83040513
83040524
83040525
83040528
83040531
83041315
83041316
83041323
83041339
83041349
83041354
83041356
83041364
83041951
83041959
83041965
83041968
83041980
83041981
83041985
83041989
83041999
83042013
83042017
83042741
83042749
83042754
83042761
83042766
83042769
83042775
83042778
83042789
83042797
83042803
83042807
83042810
83043379
83043392
83043396
83043402
83043407
83043419
83043430
83043436
83043439
83043444
83043447
83043996
83044000
83044001
83044002
83044176
83044186
83044188
83044194
83044196
83044199
83044206
83044227
83044972
83044981
83044985
83044993
83044999
83045000
83045002
83045005
83045010
83045011
83045013
83045018
83045614
83045618
83045620
83045622
83045635
83045638
83045639
83045647
83045649
83045656
83045657
83045660
83045665
83045668
83046246
83046248
83046249
83046251
83046259
83046268
83046269
83046271
83046280
83046281
83046295
83046299
83046301
83046964
83047032
83047043
83047044
83047045
83047063
83047068
83047070
83047071
83047074
83047075
83047083
83047087
83047670
83047674
83047679
83047686
83047700
83047701
83047714
83047717
83047718
83047721
83047805
83048318
83048321
83048326
83048328
83048337
83048340
83048344
83048355
83048361
83048367
83048369
83048371
83048373
83048381
83049104
83049106
83049118
83049131
83049145
83049151
83049153
83049741
83049746
83049749
83049750
83049761
83049773
83049775
83049776
83049780
83049784
83049787
83049793
83049795
83050516
83050524
83050526
83050534
83050544
83050553
83050561
83050562
83050565
83050570
83050665
83051160
83051162
83051163
83051294
83051311
83051322
83051326
83051327
83051361
83051362
83051366
83051381
83052098
83052124
83052130
83052136
83052138
83052150
83052153
83052156
83052158
83052159
83052167
83052172
83052742
83052764
83052779
83052784
83052789
83052792
83052796
83052800
83052804
83052808
83052810
83053386
83053402
83053407
83053410
83053421
83053428
83053431
83053437
83053442
83054191
83054192
83054200
83054201
83054204
83054210
83054212
83054213
83054215
83054216
83054219
83054220
83054223
83054225
83054229
83054248
83054832
83054834
83054840
83054841
83054849
83054852
83054856
83054857
83054858
83054863
83054865
83054872
83054875
83054880
83055346
83055473
83055474
83055476
83055483
83055490
83055493
83055494
83055495
83055499
83055501
83055505
83055508
83056261
83056264
83056267
83056270
83056277
83056281
83056285
83056288
83056291
83056293
83056296
83056300
83056304
83056305
83056310
83056311
83056907
83056912
83056918
83056919
83056920
83056932
83056937
83056941
83056947
83056949
83056954
83057699
83057700
83057715
83057725
83057726
83057727
83057730
83057736
83057739
83057741
83057744
83057745
83057747
83057749
83058173
83058235
83058338
83058343
83058346
83058349
83058365
83058367
83058369
83058371
83058374
83058378
83058384
83058386
83058388
83058393
83058887
83058985
83058989
83058997
83058999
83059009
83059011
83059018
83059019
83059021
83059023
83059024
83059027
83059030
83059031
83059033
83059041
83059042
83059679
83059690
83059776
83059781
83059789
83059794
83059799
83059802
83059804
83059805
83059807
83059821
83059824
83059830
83060283
83060285
83060290
83060296
83060308
83060311
83060318
83060329
83060332
83060352
83060484
83060498
83060505
83060507
83060511
83060554
83060965
83060971
83061053
83061061
83061063
83061067
83061071
83061074
83061077
83061083
83061764
83061838
83061846
83061850
83061859
83061861
83061865
83061869
83061871
83061875
83061879
83061884
83061885
83061889
83062418
83062430
83062491
83062501
83062504
83062507
83062515
83062518
83062523
83062524
83062529
83062532
83062538
83062540
83063152
83063235
83063297
83063302
83063313
83063315
83063319
83063323
83063327
83063329
83063338
83063344
83063394
83063919
83063928
83063933
83063944
83063955
83063957
83063964
83063968
83063970
83063973
83063987
83063990
83064676
83064727
83064729
83064737
83064745
83064749
83064754
83064755
83064760
83064766
83064775
83064776
83064777
83065329
83065356
83065360
83065361
83065367
83065378
83065388
83065392
83065393
83065410
83065411
83065416
83065418
83065422
83065424
83065428
83065433
83066004
83066011
83066012
83066022
83066023
83066026
83066030
83066031
83066034
83066038
83066041
83066051
83066052
83066057
83066063
83066767
83066791
83066802
83066803
83066817
83066822
83066823
83066827
83066828
83066841
83067568
83067579
83067593
83067595
83067604
83067605
83067610
83067614
83067618
83067620
83067622
83067626
83067628
83067633
83067634
83067645
83068111
83068121
83068129
83068130
83068167
83068174
83068255
83068269
83068272
83068283
83068287
83068288
83068289
83068292
83068720
83068847
83068851
83068857
83068863
83068873
83068874
83068876
83068879
83068880
83068881
83068889
83068896
83069662
83069663
83069668
83069673
83069685
83069686
83069687
83069690
83069695
83069699
83069702
83070445
83070447
83070455
83070459
83070461
83070471
83070474
83070475
83070478
83070479
83070496
83070497
83070499
83070500
83070503
83070506
83071085
83071095
83071102
83071105
83071115
83071117
83071121
83071129
83071146
83071147
83071148
83071149
83071150
83071724
83071731
83071737
83071739
83071753
83071755
83071769
83071770
83071776
83071783
83072287
83072370
83072377
83072380
83072384
83072392
83072396
83072400
83072402
83072407
83072415
83072419
83072421
83072536
83073097
83073180
83073200
83073204
83073205
83073212
83073218
83073219
83073223
83073226
83073233
83073234
83073235
83073236
83073981
83073987
83073997
83073998
83074006
83074010
83074012
83074013
83074017
83074028
83074029
83074030
83074037
83074038
83074041
83074042
83074779
83074786
83074794
83074799
83074807
83074811
83074818
83074819
83074821
83074825
83074831
83074832
83074847
83075571
83075573
83075578
83075579
83075588
83075596
83075597
83075601
83075604
83075610
83075616
83075617
83075618
83075622
83075628
83076359
83076360
83076363
83076372
83076383
83076384
83076391
83076393
83076399
83076401
83076402
83076436
83077175
83077179
83077186
83077189
83077192
83077198
83077199
83077200
83077202
83077204
83077205
83077208
83077212
83077214
83077819
83077821
83077830
83077835
83077839
83077841
83077844
83077846
83077850
83077852
83077856
83077868
83078610
83078616
83078619
83078622
83078623
83078636
83078639
83078642
83078646
83078648
83078657
83079258
83079264
83079272
83079274
83079277
83079284
83079285
83079286
83079289
83079293
83079299
83079711
83079712
83079714
83079889
83079905
83079908
83079909
83079912
83079922
83079926
83080549
83080557
83080558
83080559
83080562
83080568
83080571
83080575
83080577
83080578
83080580
83080581
83080582
83080591
83081199
83081209
83081211
83081212
83081213
83081222
83081227
83081231
83081234
83081240
83081241
83081242
83081243
83081244
83081996
83082015
83082017
83082018
83082022
83082028
83082030
83082031
83082032
83082033
83082034
83082039
83082045
83082052
83082053
83082073
83082699
83082798
83082808
83082818
83082821
83082822
83082835
83082836
83082837
83082838
83082839
83082841
83082842
83082844
83083431
83083434
83083440
83083443
83083461
83083462
83083465
83083466
83084253
83084259
83084278
83084280
83084281
83084282
83084318
83084327
83084328
83084330
83084333
83084338
83084353
83084356
83084898
83084905
83084917
83084918
83084925
83084936
83084937
83084950
83084957
83084960
83084961
83084962
83084964
83085546
83085552
83085560
83085565
83085582
83085587
83085589
83085590
83085592
83085603
83085605
83085610
83086194
83086200
83086206
83086209
83086225
83086234
83086237
83086239
83086245
83086250
83086254
83086986
83086998
83086999
83087000
83087024
83087042
83087046
83087074
83087632
83087639
83087658
83087663
83087665
83087666
83087680
83087682
83087687
83088278
83088288
83088297
83088304
83088309
83088313
83088323
83088324
83088336
83088354
83088936
83088945
83088951
83088960
83088969
83088983
83088986
83088990
83089732
83089742
83089745
83089764
83089770
83089772
83089778
83089779
83089782
83090275
83090363
83090374
83090375
83090377
83090381
83090390
83090404
83090417
83090428
83090484
83091085
83091191
83091197
83091203
83091212
83091214
83091217
83091219
83091221
83091234
83091237
83091595
83091746
83091830
83091839
83091847
83091848
83091857
83091875
83091876
83091880
83092396
83092607
83092616
83092626
83092631
83092634
83092643
83092662
83092664
83092667
83092668
83092676
83092680
83092692
83093066
83093262
83093277
83093282
83093301
83093305
83093306
83093307
83093309
83093312
83093316
83093318
83093330
83093848
83094063
83094070
83094077
83094084
83094093
83094096
83094100
83094101
83094154
83094168
83094511
83094731
83094736
83094754
83094775
83094777
83094813
83095309
83095524
83095534
83095552
83095555
83095557
83095560
83095566
83095957
83096169
83096179
83096188
83096189
83096200
83096965
83096971
83096982
83096983
83096989
83096995
83096999
83097003
83097004
83097405
83097619
83097629
83097633
83097643
83097653
83097668
83098114
83098319
83098328
83098329
83098340
83098353
83098355
83098922
83099119
83099122
83099127
83099140
83099155
83099589
83099785
83099786
83099797
83099804
83099808
83099816
83099826
83099833
83100256
83100402
83100432
83100437
83100452
83100456
83100462
83100493
83100997
83101152
83101155
83101189
83101191
83101193
83101524
83101663
83101819
83101837
83101844
83101851
83101872
83101892
83102372
83102378
83102505
83102507
83102529
83102536
83102538
83102577
83103084
83103227
83103354
83103361
83103377
83103383
83103390
83103437
83103912
83104174
83104176
83104185
83104776
83104895
83104897
83104904
83104916
83104919
83104937
83104964
83105476
83105582
83105585
83105592
83105599
83105603
83106264
83106268
83106280
83106288
83106326
83106985
83106994
83107011
83107017
83107026
83107065
83107791
83107796
83107817
83107829
83107883
83108633
83108641
83108659
83108672
83108686
83108729
83108734
83109521
83109561
83109564
83109573
83109600
83109629
83110153
83110213
83110233
83110237
83110245
83110266
83110846
83110886
83110889
83110895
83110920
83110925
83110933
83111549
83111554
83111558
83111576
83111577
83111592
83111606
83111624
83111652
83111658
83112230
83112234
83112237
83112251
83112253
83112257
83112270
83113049
83113051
83113053
83113069
83113074
83113076
83113083
83113100
83113698
83113717
83113718
83113742
83113744
83113746
83113749
83114363
83114366
83114392
83114402
83114405
83114434
83115192
83115193
83115222
83115225
83115229
83115230
83115233
83115237
83115242
83115281
83115938
83115962
83115963
83115979
83115982
83116037
83116761
83116765
83116792
83116794
83116796
83116804
83116805
83116810
83116865
83117623
83117630
83117631
83117654
83117659
83117663
83118436
83118442
83118445
83118465
83118467
83118480
83118483
83118499
83119290
83119291
83119298
83119315
83119323
83119337
83119342
83119350
83120094
83120099
83120103
83120115
83120116
83120123
83120128
83120136
83120147
83120721
83120737
83120739
83120741
83120750
83120772
83120793
83121532
83121539
83121545
83121566
83121567
83121572
83121573
83121586
83121598
83122357
83122358
83122368
83122391
83122393
83122403
83122446
83123033
83123042
83123066
83123072
83123075
83123078
83123079
83123081
83123085
83123113
83123733
83123836
83123846
83123851
83123866
83123876
83123886
83123892
83123898
83123905
83124498
83124502
83124506
83124524
83124529
83124542
83124556
83125302
83125313
83125317
83125331
83125333
83125336
83125349
83125372
83126170
83126172
83126201
83126213
83126962
83126968
83126974
83127002
83127008
83127013
83127019
83127037
83127762
83127772
83127774
83127799
83127805
83127806
83127807
83127813
83127819
83127832
83128398
83128426
83128433
83128442
83128455
83128510
83128519
83129071
83129074
83129076
83129097
83129103
83129123
83129127
83129128
83129132
83129861
83129863
83129868
83129889
83129892
83129897
83129922
83129925
83129928
83130638
83130643
83130645
83130666
83130668
83130672
83130682
83130692
83131426
83131429
83131432
83131451
83131455
83131463
83131472
83131480
83131482
83132041
83132064
83132065
83132076
83132077
83132083
83132084
83132086
83132265
83132821
83132841
83132842
83132843
83132871
83132874
83132875
83132877
83132878
83132890
83133560
83133666
83133755
83133774
83133789
83133797
83134307
83134308
83134334
83134347
83135145
83135146
83135179
83135183
83135187
83135772
83135773
83135803
83135804
83135805
83135808
83135812
83135997
83136566
83136571
83136584
83136588
83136591
83136596
83136609
83137350
83137353
83137361
83137370
83137373
83137376
83137377
83137378
83138139
83138144
83138147
83138163
83138165
83138179
83138181
83138187
83138193
83138244
83138245
83138838
83138848
83138855
83139482
83139487
83139499
83139500
83139508
83139511
83139516
83139527
83140091
83140096
83140109
83140110
83140112
83140118
83140123
83140748
83140755
83140760
83140770
83140780
83140782
83140784
83140792
83140794
83140797
83141316
83141417
83141419
83141441
83141446
83141447
83141448
83141449
83141465
83142213
83142216
83142224
83142243
83142248
83142256
83142258
83142265
83143044
83143057
83143058
83143062
83143066
83143074
83143092
83143106
83143153
83143933
83143941
83143954
83143962
83143963
83143969
83143972
83143985
83144641
83144649
83144657
83144660
83144674
83144678
83144679
83144688
83144691
83145300
83145304
83145310
83145315
83145320
83145321
83145324
83145327
83145337
83145342
83146106
83146107
83146117
83146119
83146120
83146122
83146128
83146129
83146141
83146695
83146727
83146759
83146760
83146773
83146775
83146778
83146779
83146781
83146793
83146794
83146800
83147416
83147419
83147432
83147438
83147443
83147446
83147454
83148170
83148222
83148226
83148227
83148229
83148239
83148240
83148243
83148244
83148246
83148249
83148253
83148262
83148265
83148873
83148907
83148925
83148926
83148928
83148944
83148958
83149733
83149741
83149742
83149744
83149752
83149759
83149760
83149762
83150377
83150382
83150383
83150392
83150397
83150398
83150399
83150402
83150403
83150406
83150995
83151040
83151043
83151044
83151052
83151056
83151059
83151061
83151066
83151689
83151694
83151696
83151712
83151714
83151715
83151716
83152351
83152364
83152374
83152380
83152384
83152393
83153249
83153251
83153254
83153259
83153266
83153268
83153269
83153271
83153273
83153277
83153278
83153280
83153281
83153285
83153287
83153288
83153896
83153904
83153908
83153910
83153913
83153920
83153928
83154550
83154560
83154562
83154563
83154564
83154569
83154570
83154571
83154583
83155175
83155188
83155194
83155198
83155202
83155204
83155206
83155207
83155208
83155210
83155217
83155219
83155220
83155969
83155974
83155978
83155988
83155989
83155992
83155994
83155996
83155998
83156000
83156003
83156607
83156608
83156619
83156621
83156622
83156626
83156631
83156633
83156646
83157229
83157234
83157236
83157243
83157244
83157251
83158014
83158024
83158028
83158030
83158035
83158038
83158041
83158042
83158702
83158704
83158711
83158713
83158716
83158717
83158719
83158724
83158733
83159487
83159491
83159496
83159500
83159502
83159508
83159509
83159511
83160124
83160126
83160129
83160133
83160138
83160139
83160140
83160142
83160143
83160146
83160149
83160916
83160917
83160923
83160926
83160932
83160938
83160939
83160941
83161705
83161710
83161714
83161716
83161717
83161718
83161720
83161721
83161732
83161735
83162568
83162570
83162574
83162584
83162585
83162588
83162589
83162590
83162605
83162608
83162612
83163211
83163217
83163220
83163224
83163225
83163226
83163229
83163231
83163232
83163235
83163238
83163247
83164005
83164008
83164012
83164014
83164015
83164017
83164021
83164022
83164024
83164635
83164643
83164644
83164650
83164651
83164652
83164654
83164655
83164656
83164657
83164659
83164660
83164663
83165468
83165476
83165479
83165484
83165485
83165493
83165494
83165496
83165497
83165502
83166258
83166263
83166268
83166273
83166274
83166281
83166286
83166295
83166898
83166902
83166903
83166909
83166914
83166916
83166918
83166920
83166930
83167544
83167549
83167551
83167555
83167556
83167559
83167564
83167565
83167566
83167568
83167569
83167573
83167588
83167593
83168185
83168191
83168192
83168196
83168198
83168202
83168204
83168215
83168221
83168222
83168826
83168830
83168831
83168836
83168839
83168840
83168842
83168851
83168853
83168860
83168865
83169460
83169465
83169471
83169472
83169476
83169477
83169480
83169483
83169507
83169731
83169734
83170107
83170112
83170113
83170114
83170118
83170120
83170125
83170127
83170132
83170142
83170144
83170897
83170906
83170907
83170911
83170913
83170914
83170915
83170917
83170918
83170919
83170926
83171635
83171642
83171645
83171646
83171647
83171649
83171650
83171654
83171662
83172277
83172278
83172282
83172284
83172286
83172288
83172289
83172294
83172296
83172306
83172967
83172977
83172979
83172981
83172983
83172985
83172988
83172989
83173608
83173613
83173615
83173616
83173618
83173620
83173621
83173624
83173625
83173626
83173628
83173629
83173630
83173632
83173635
83173637
83174247
83174252
83174254
83174256
83174260
83174261
83174262
83174264
83174265
83174268
83174272
83174277
83175034
83175047
83175049
83175050
83175055
83175057
83175063
83175065
83175067
83175839
83175840
83175841
83175848
83175849
83175851
83175852
83175854
83175857
83176530
83176617
83176619
83176620
83176623
83176624
83176626
83176628
83176630
83176632
83176643
83177452
83177459
83177462
83177466
83177468
83177469
83177474
83177475
83177476
83177479
83178091
83178095
83178103
83178105
83178107
83178109
83178110
83178112
83178113
83178117
83178118
83178735
83178743
83178745
83178746
83178749
83178750
83178751
83178758
83178764
83178770
83179542
83179547
83179548
83179554
83179558
83179560
83179561
83179567
83179570
83179573
83180318
83180326
83180330
83180334
83180335
83180339
83180340
83180341
83180342
83180348
83180977
83180979
83180984
83180987
83180990
83180991
83180996
83180997
83181009
83181766
83181767
83181771
83181782
83181785
83181788
83181790
83181792
83181794
83182570
83182571
83182574
83182576
83182578
83182579
83182582
83182587
83182590
83182595
83182600
83183215
83183219
83183222
83183223
83183224
83183228
83183229
83183235
83183236
83184001
83184011
83184024
83184034
83184042
83184046
83184055
83184806
83184812
83184815
83184819
83184826
83184829
83184831
83184833
83185600
83185604
83185608
83185609
83185611
83185615
83185618
83185620
83185627
83185629
83186251
83186256
83186257
83186258
83186268
83186273
83186274
83186275
83186279
83186280
83187039
83187044
83187046
83187048
83187049
83187052
83187053
83187054
83187057
83187059
83187062
83187063
83187065
83187884
83187891
83187892
83187899
83187908
83187911
83188535
83188536
83188537
83188544
83188547
83188548
83188552
83188559
83188566
83188567
83189186
83189187
83189188
83189191
83189194
83189210
83189819
83189825
83189827
83189828
83189829
83189836
83189840
88151595
88152025
88152177
88152286
88152679
88152686
88152688
88152692
88152709
88152754
88153243
88153244
88153746
88154284
88154713
88154717
88155337
88155340
88155875
88155884
88156991
88157527
88157970
88158070
88158596
88159038
88159048
88159141
88160170
88161289
88161730
88161803
88162332
88162865
88163314
88163392
88163844
88163918
88165023
88165484
88165561
88165994
88166077
88166531
88166600
88167067
88167131
88170257
88170890
88171332
88171404
88172405
88172479
88173006
88173532
88174034
88174082
88175064
88175546
88176639
88177730
88178786
88179274
88179285
88180653
88180829
88180921
88181414
88182485
88182804
88183912
88184062
88185105
88185608
88185612
88185640
88186112
88186123
88187227
88187237
88187742
88188272
88188798
88193496
88194158
88195221
88195657
88195680
88196298
88196752
88197330
88197829
88199483
88200003
88201040
88203168
88204229
88204232
88204771
88205803
88207928
88211042
88211145
88211566
88211861
88213164
88213695
88214255
88216447
88220136
88227555
88231083
88239095
88243841
88248549
88249669
88250170
88252245
88252299
88252305
88253885
88254317
88255899
88256504
88256717
88258299
88262271
88266032
88266353
88270125
88272790
88273767
88274852
88276480
88278632
88279004
88281132
88284986
88286365
88286928
88289140
88289166
88289377
88292292
88292817
88294854
88295910
88296414
88296452
88297175
88297470
88298059
88298570
88299092
88299587
88300124
88300130
88300642
88301667
88301696
88302205
88303789
88304352
88304411
88304445
88305953
88307517
88308037
88308696
88309580
88309597
88309604
88309614
88309616
88310117
88310631
88310633
88311151
88311152
88311668
88311676
88312244
88313279
88313284
88313790
88313792
88313800
88314819
88315322
88315326
88315840
88315857
88315931
88316379
88316858
88316900
88317919
88318412
88318628
88318921
88318930
88318941
88318948
88319454
88319943
88319960
88320476
88320491
88320987
88321009
88321016
88321502
88322037
88322621
88323126
88323128
88323137
88323144
88323640
88323688
88324164
88324168
88324189
88324675
88324699
88325207
88325221
88325239
88325724
88325746
88326248
88326260
88326284
88326763
88326768
88326776
88327275
88327281
88327282
88327308
88327780
88327789
88328306
88328847
88328855
88329410
88329892
88329902
88329904
88329907
88330952
88331469
88331484
88331486
88331998
88332011
88332017
88332509
88333027
88333037
88333040
88333043
88333067
88333532
88333542
88333555
88334018
88334071
88334081
88334573
88335123
88335645
88336653
88336694
88336697
88336704
88337215
88337737
88337750
88338278
88338284
88338296
88338804
88338805
88339325
88339332
88339852
88339858
88339873
88340365
88340379
89424476
89425012
89427154
89429331
89435770
89448135
89448672
89449210
89517289
89529447
89530577
89535031
89536163
89538398
89538817
89539380
89539508
89541621
89542181
89545496
89546065
89548291
89548848
89549951
89550496
89551052
89553254
89558303
89559976
89561597
89567102
89568777
89569810
89570312
89571358
89571367
89571904
89572470
89572474
89573008
89573019
89574098
89574651
89574657
89574802
89575751
89575757
89576301
89576308
89576855
89576864
89577385
89577923
89577951
89579574
89579588
89580111
89580655
89580804
89581211
89581289
89581785
89582360
89582853
89582872
89583398
89583423
89583939
89584502
89585028
89586113
89586659
89587238
89587770
89588302
89588844
89589388
89589944
89590497
89591044
89591057
89591059
89591598
89592144
89592163
89592692
89592700
89593253
89593795
89593802
89594339
89594883
89594901
89595980
89595991
89596526
89596538
89597073
89597113
89598721
89599281
89599828
89599842
89600388
89600389
89600407
89600937
89601509
89601517
89602074
89602083
89602626
89603157
89603702
89604252
89604260
89605925
89605941
89605949
89606475
89607020
89608115
89608674
89609819
89610354
89610909
89611467
89612015
89612033
89612577
89613133