82933529
82933532
82933537
82933541
82933542
82933547
82933548
82933552
82933553
82933554
82933555
82933556
82933561
82933566
82933567
82934195
82934204
82934206
82934213
82934217
82934218
82934220
82934222
82934223
82934224
82934230
82934231
82934236
82934243
82934244
82934245
82934246
82934247
82934874
82934878
82934883
82934886
82934887
82934893
82934895
82934898
82934901
82934903
82934907
82934908
82934916
82935530
82935536
82935538
82935542
82935545
82935548
82935550
82935551
82935553
82935559
82935562
82935564
82935572
82936336
82936337
82936343
82936347
82936349
82936350
82936355
82936357
82936358
82936359
82936362
82936364
82936365
82936371
82936373
82936378
82937140
82937141
82937150
82937152
82937153
82937156
82937157
82937159
82937162
82937169
82937170
82937177
82937178
82937769
82937770
82937772
82937774
82937778
82937779
82937787
82937788
82937791
82937792
82937873
82938419
82938421
82938432
82938433
82938434
82938436
82938437
82938441
82938443
82938445
82938446
82938447
82938448
82938450
82938453
82938455
82938457
82938462
82939214
82939226
82939229
82939231
82939232
82939233
82939238
82939243
82939245
82939249
82939254
82939255
82939259
82940013
82940015
82940022
82940023
82940024
82940029
82940033
82940036
82940040
82940041
82940044
82940045
82940047
82940051
82940057
82940658
82940659
82940665
82940667
82940668
82940678
82940679
82940681
82940683
82940685
82940694
82941285
82941304
82941307
82941308
82941309
82941311
82941315
82941320
82941322
82941325
82942088
82942091
82942100
82942101
82942112
82942113
82942114
82942117
82942122
82942127
82942734
82942736
82942746
82942747
82942748
82942751
82942754
82942757
82942758
82942760
82942761
82942772
82942775
82943377
82943379
82943386
82943388
82943389
82943390
82943393
82943396
82943397
82943403
82943404
82943408
82943409
82943412
82944168
82944172
82944179
82944184
82944187
82944188
82944189
82944190
82944191
82944192
82944193
82944199
82944200
82944210
82944947
82944966
82944970
82944976
82944977
82944978
82944979
82944983
82944984
82944985
82944986
82944990
82945004
82945013
82945018
82945059
82945071
82945114
82945619
82945622
82945630
82945632
82945633
82945634
82945640
82945643
82945649
82945651
82945654
82945656
82946254
82946259
82946270
82946272
82946275
82946278
82946279
82946285
82946286
82946290
82946292
82946293
82946295
82946978
82947001
82947016
82947017
82947020
82947023
82947025
82947027
82947028
82947094
82947097
82947105
82947117
82947118
82947120
82947832
82947836
82947844
82947846
82947848
82947853
82947855
82947856
82947858
82947860
82947863
82947864
82947868
82947870
82947873
82948314
82948315
82948467
82948473
82948493
82948494
82948496
82948498
82948500
82948502
82948624
82949266
82949271
82949279
82949287
82949288
82949296
82949305
82949916
82949927
82949928
82949930
82949932
82949935
82949939
82949942
82949946
82949951
82949953
82950701
82950706
82950719
82950721
82950724
82950726
82950727
82950735
82950737
82950749
82951332
82951351
82951355
82951357
82951360
82951361
82951365
82951366
82951367
82951368
82951375
82951380
82951774
82951958
82951964
82951972
82951985
82951989
82951992
82951996
82951998
82952000
82952002
82952003
82952005
82952006
82952007
82952050
82952610
82952614
82952627
82952637
82952638
82952642
82952644
82952649
82952652
82952660
82953239
82953258
82953268
82953274
82953275
82953280
82953282
82953284
82953289
82953293
82953299
82954029
82954047
82954049
82954055
82954056
82954057
82954062
82954064
82954065
82954066
82954070
82954076
82954078
82954082
82954463
82954670
82954678
82954689
82954694
82954697
82954702
82954706
82954713
82954716
82954718
82954719
82954725
82955133
82955315
82955324
82955326
82955329
82955331
82955332
82955333
82955334
82955336
82955339
82955341
82955349
82955352
82955354
82955475
82955954
82955968
82955975
82955984
82955986
82955987
82955988
82955989
82955998
82956001
82956002
82956007
82956010
82956735
82956756
82956760
82956764
82956772
82956773
82956776
82956781
82956784
82956785
82956793
82956797
82956801
82957527
82957540
82957545
82957563
82957573
82957582
82957586
82957588
82958317
82958327
82958334
82958341
82958345
82958347
82958348
82958359
82958361
82958365
82958370
82959112
82959122
82959130
82959138
82959139
82959147
82959148
82959154
82959160
82959904
82959917
82959924
82959934
82959936
82959937
82959944
82959945
82959946
82959949
82959950
82959955
82959957
82960695
82960703
82960731
82960732
82960738
82960745
82960746
82960747
82961493
82961495
82961518
82961522
82961526
82961531
82961537
82961538
82961543
82962277
82962280
82962287
82962295
82962299
82962302
82962304
82962310
82962320
82962329
82962907
82962913
82962915
82962916
82962921
82962928
82962943
82962956
82962957
82962960
82963703
82963712
82963719
82963728
82963729
82963741
82964349
82964359
82964376
82964380
82964384
82964989
82964992
82965006
82965014
82965015
82965029
82965031
82965032
82965033
82965636
82965638
82965654
82965665
82965670
82965677
82965678
82966279
82966303
82966304
82966306
82966308
82966313
82966315
82966317
82966321
82966323
82966922
82966928
82966949
82966950
82966953
82966964
82966966
82966968
82967571
82967573
82967592
82967594
82967599
82967606
82967608
82967609
82967612
82967625
82967629
82968210
82968213
82968227
82968229
82968232
82968234
82968238
82968244
82968257
82968261
82968713
82968847
82968850
82968863
82968866
82968877
82968881
82968882
82968884
82968895
82968905
82969350
82969478
82969482
82969500
82969502
82969503
82969511
82969618
82969619
82970157
82970280
82970282
82970305
82970307
82970313
82970316
82970329
82970919
82970923
82970947
82970951
82970956
82970957
82970964
82970969
82970970
82971571
82971573
82971595
82971599
82971604
82971605
82971610
82972261
82972365
82972367
82972375
82972387
82972388
82972395
82972396
82972399
82972402
82972405
82972413
82972806
82972886
82972979
82973004
82973006
82973165
82973793
82973794
82973810
82973811
82973815
82973818
82973823
82973824
82973826
82973833
82973839
82974434
82974446
82974457
82974459
82974461
82975143
82975232
82975239
82975248
82975250
82975251
82975257
82975258
82975789
82975858
82975882
82975885
82975893
82975894
82975895
82975899
82975901
82976489
82976492
82976514
82976526
82976529
82977309
82977310
82977329
82977331
82977348
82977881
82977947
82977951
82977956
82977966
82977969
82977974
82977982
82977997
82978748
82978750
82978754
82978758
82978763
82978765
82978768
82978770
82978771
82978772
82978777
82979542
82979547
82979548
82979555
82979557
82979558
82979559
82979561
82979564
82980011
82980179
82980194
82980195
82980196
82980208
82980320
82980984
82980997
82980998
82980999
82981000
82981003
82981006
82981010
82981012
82981018
82981032
82981621
82981624
82981634
82981638
82981641
82981644
82981649
82981653
82981655
82982259
82982263
82982264
82982269
82982279
82982281
82982283
82982284
82982285
82982289
82982908
82982910
82982912
82982926
82982928
82982934
82982936
82982938
82982945
82983693
82983700
82983703
82983734
82983738
82983746
82983751
82983755
82984506
82984510
82984512
82984520
82984524
82984525
82984527
82984531
82984532
82984545
82984547
82985298
82985303
82985304
82985314
82985326
82985331
82986092
82986100
82986103
82986110
82986123
82986128
82986130
82986138
82986140
82986745
82986747
82986750
82986761
82986765
82986770
82986773
82986777
82986781
82986785
82987371
82987374
82987381
82987383
82987452
82987461
82987474
82987478
82988180
82988181
82988185
82988200
82988201
82988202
82988204
82988211
82988212
82988216
82988224
82988969
82988970
82988971
82988987
82988989
82989002
82989011
82989681
82989683
82989686
82989689
82989695
82989814
82989822
82989842
82989856
82989857
82990547
82990550
82990552
82990569
82990582
82990585
82990586
82990588
82990589
82990598
82991004
82991173
82991193
82991196
82991202
82991210
82991212
82991228
82991976
82991981
82991985
82991990
82991994
82992011
82992013
82992021
82992616
82992618
82992619
82992647
82992657
82992667
82993266
82993268
82993272
82993281
82993286
82993295
82993300
82993311
82993910
82993914
82993916
82993921
82993925
82993938
82993954
82994486
82994687
82994691
82994718
82994732
82994733
82994765
82994769
82995336
82995338
82995340
82995353
82995368
82995377
82996029
82996081
82996134
82996138
82996142
82996153
82996155
82996758
82996762
82996775
82996778
82996781
82996793
82996795
82996797
82996803
82997406
82997419
82997434
82997436
82997438
82997442
82997444
82998164
82998178
82998179
82998210
82998211
82998219
82998221
82998231
82998970
82998979
82998982
82998983
82998985
82998989
82998990
82998991
82998999
82999606
82999616
82999627
82999628
83000395
83000396
83000402
83000406
83000410
83000414
83000416
83000426
83001175
83001180
83001181
83001191
83001192
83001205
83001212
83001214
83001216
83001813
83001819
83001821
83001825
83001829
83001838
83001840
83002605
83002607
83002610
83002615
83002618
83002623
83002634
83003240
83003246
83003252
83003254
83003275
83003888
83003893
83003896
83003902
83003907
83003908
83003913
83003914
83003923
83003925
83004438
83004459
83004480
83004497
83004506
83004641
83004648
83005324
83005344
83005345
83005358
83005362
83005367
83005371
83005478
83005480
83005960
83005975
83005983
83005986
83005991
83006011
83006603
83006610
83006612
83006627
83006629
83006639
83006645
83006650
83006654
83007238
83007241
83007249
83007257
83007261
83007268
83007271
83007274
83007275
83007277
83007278
83008104
83008112
83008130
83008133
83008140
83008142
83008145
83008668
83008699
83008712
83008717
83008836
83009458
83009460
83009476
83009478
83009489
83009499
83009506
83010255
83010258
83010260
83010268
83010272
83010275
83010286
83010290
83010294
83010301
83011055
83011061
83011062
83011075
83011085
83011752
83011874
83011888
83011900
83011901
83011913
83011915
83011932
83011943
83012613
83012622
83012625
83012636
83012637
83012638
83012643
83012646
83013158
83013264
83013270
83013281
83013291
83013305
83013310
83013311
83013796
83013909
83013911
83013927
83013939
83013944
83013948
83013949
83014536
83014549
83014551
83014557
83014566
83014569
83014570
83014584
83015180
83015184
83015189
83015198
83015200
83015206
83015882
83015973
83015976
83015989
83015990
83015991
83016000
83016765
83016770
83016780
83016794
83017467
83017552
83017556
83017564
83017573
83017575
83017586
83017587
83017591
83017595
83018192
83018212
83018214
83018215
83018223
83018234
83018717
83018876
83018886
83018897
83018899
83018901
83018907
83018922
83019283
83019457
83019459
83019470
83019480
83019482
83019489
83019490
83019501
83020259
83020260
83020268
83020273
83020274
83020285
83020286
83020290
83020888
83020902
83020906
83020914
83020918
83020921
83021672
83021673
83021677
83021691
83021700
83021703
83021708
83021719
83022465
83022470
83022478
83022482
83022487
83022488
83022492
83022494
83022497
83022503
83023106
83023108
83023113
83023117
83023119
83023127
83023128
83023129
83023132
83023142
83023762
83023764
83023780
83023782
83024406
83024407
83024410
83024412
83024425
83024436
83025021
83025049
83025052
83025053
83025058
83025060
83025069
83025072
83025076
83025846
83025850
83025854
83025856
83025859
83025866
83025872
83026468
83026609
83026623
83026641
83026726
83026728
83026737
83027285
83027286
83027298
83027303
83027306
83027307
83027310
83027312
83027313
83027935
83027940
83027947
83027948
83027949
83027952
83027958
83028730
83028731
83028734
83028737
83028747
83028756
83029523
83029530
83029532
83029537
83029539
83029540
83029541
83029550
83030142
83030153
83030156
83030164
83030177
83030939
83030945
83030951
83030969
83031570
83031571
83031580
83031585
83031591
83031592
83032208
83032209
83032212
83032221
83032230
83032231
83032233
83032236
83032239
83032241
83033000
83033005
83033007
83033008
83033012
83033017
83033022
83033641
83033650
83033651
83033653
83033657
83033662
83033663
83033673
83033780
83034296
83034298
83034300
83034305
83034309
83034310
83034312
83035077
83035088
83035101
83035102
83035103
83035108
83035723
83035731
83035743
83035752
83035753
83036364
83036380
83036383
83036392
83037013
83037020
83037028
83037036
83037040
83037049
83037643
83037655
83037668
83037671
83038281
83038293
83038295
83038299
83038301
83038311
83038319
83038333
83039070
83039081
83039085
83039090
83039094
83039096
83039109
83039635
83039649
83039656
83039766
83039770
83039775
83039784
83039810
83040492
83040501
83040505
83040512
83040513
83040524
83040525
83040528
83041315
83041316
83041323
83041339
83041951
83041959
83041965
83041968
83041981
83041985
83041989
83042741
83042749
83042754
83042761
83042766
83042769
83042775
83042778
83042789
83042803
83043379
83043392
83043396
83043402
83043407
83043996
83044176
83044186
83044196
83044199
83044972
83044981
83044985
83044993
83044999
83045002
83045005
83045010
83045013
83045614
83045618
83045620
83045622
83045635
83045638
83045639
83045657
83046246
83046248
83046249
83046251
83046268
83046269
83046271
83046280
83046281
83047032
83047043
83047044
83047045
83047063
83047068
83047075
83047670
83047674
83047679
83047686
83047700
83047701
83047714
83047718
83048318
83048321
83048326
83048328
83048337
83048340
83048361
83048367
83049104
83049106
83049131
83049741
83049746
83049749
83049750
83049776
83049780
83050516
83050524
83050526
83050534
83050553
83050561
83050562
83050570
83051162
83051311
83051322
83051326
83051327
83051362
83051366
83051381
83052124
83052130
83052136
83052138
83052150
83052158
83052167
83052172
83052764
83052779
83052784
83052789
83052792
83052796
83052800
83052804
83053402
83053407
83053410
83053421
83053428
83053431
83054191
83054192
83054200
83054201
83054204
83054210
83054213
83054215
83054216
83054220
83054225
83054229
83054832
83054834
83054840
83054841
83054852
83054856
83054858
83054863
83054875
83055473
83055474
83055476
83055483
83055493
83055494
83055495
83055499
83055501
83056261
83056264
83056270
83056277
83056285
83056288
83056291
83056907
83056912
83056919
83056920
83056932
83056937
83056941
83056949
83057699
83057700
83057715
83057725
83057726
83057730
83057736
83057739
83057741
83058338
83058343
83058346
83058349
83058367
83058371
83058374
83058985
83058989
83058997
83058999
83059019
83059021
83059023
83059024
83059027
83059030
83059679
83059690
83059776
83059781
83059789
83059794
83059802
83059804
83059805
83059821
83060283
83060290
83060296
83060308
83060311
83060484
83060498
83060505
83060507
83060554
83060965
83060971
83061053
83061061
83061063
83061067
83061071
83061074
83061077
83061838
83061846
83061850
83061859
83061865
83061869
83061871
83061879
83062430
83062491
83062504
83062507
83062515
83062518
83062523
83062524
83062529
83063297
83063302
83063315
83063319
83063327
83063338
83063344
83063394
83063919
83063928
83063933
83063957
83064727
83064729
83064737
83064745
83064755
83064760
83065329
83065356
83065411
83065418
83065424
83065428
83065433
83066004
83066011
83066012
83066022
83066023
83066026
83066030
83066031
83066034
83066041
83066767
83066791
83066802
83066803
83066817
83066822
83066827
83066828
83067579
83067593
83067595
83067604
83067610
83068111
83068121
83068130
83068272
83068289
83068851
83068857
83068873
83068874
83069662
83069663
83069668
83069673
83069685
83069695
83070447
83070455
83070459
83070461
83070471
83070474
83070475
83070497
83071085
83071095
83071102
83071105
83071115
83071724
83071731
83071737
83071739
83071753
83071769
83072370
83072377
83072380
83072384
83072392
83072400
83072402
83073180
83073200
83073204
83073205
83073212
83073218
83073233
83073234
83073235
83073981
83073987
83073997
83073998
83074006
83074010
83074013
83074017
83074779
83074786
83074794
83074799
83074807
83074811
83074818
83074821
83074825
83074831
83075571
83075573
83075578
83075579
83075596
83075597
83075601
83075610
83075616
83075617
83075618
83076359
83076360
83076363
83076383
83076384
83076393
83077175
83077179
83077186
83077189
83077192
83077199
83077200
83077202
83077204
83077205
83077819
83077821
83077835
83077839
83077844
83077850
83078610
83078616
83078619
83078622
83078623
83078636
83078646
83078648
83079258
83079264
83079272
83079274
83079277
83079284
83079285
83079286
83079293
83079712
83079714
83079889
83079905
83079909
83079912
83079922
83079926
83080549
83080557
83080558
83080559
83080562
83080568
83080571
83080578
83080580
83081199
83081209
83081211
83081212
83081213
83081222
83081231
83081234
83081996
83082015
83082017
83082018
83082022
83082028
83082030
83082034
83082073
83082798
83082808
83082818
83082822
83082835
83082836
83082837
83082838
83082839
83082844
83083431
83083434
83083440
83083443
83083461
83083465
83083466
83084253
83084259
83084282
83084318
83084328
83084353
83084898
83084905
83084917
83084918
83084925
83084950
83085546
83085552
83085560
83085565
83085592
83086194
83086200
83086206
83086209
83086225
83086237
83086986
83087042
83087046
83087074
83087632
83087639
83087658
83087666
83088278
83088288
83088297
83088304
83088309
83088313
83088324
83088936
83088945
83088951
83088960
83088969
83089732
83089742
83089745
83089770
83089778
83090374
83090375
83090377
83090381
83090390
83090404
83091191
83091197
83091214
83091219
83091221
83091595
83091830
83091839
83091847
83091848
83091875
83091876
83092396
83092607
83092616
83092631
83092634
83092664
83092668
83093066
83093262
83093277
83093306
83093307
83093312
83093316
83093330
83094063
83094070
83094077
83094084
83094093
83094096
83094100
83094731
83094736
83094754
83094777
83095309
83095524
83095534
83095552
83095557
83095560
83095566
83095957
83096169
83096179
83096188
83096965
83096971
83096982
83096983
83096989
83097003
83097405
83097619
83097629
83097633
83097643
83097653
83097668
83098114
83098319
83098328
83098329
83098340
83098353
83099119
83099122
83099127
83099140
83099155
83099589
83099785
83099786
83099797
83099804
83099808
83099826
83099833
83100256
83100432
83100437
83100452
83100456
83100462
83101152
83101155
83101189
83101193
83101819
83101837
83102372
83102505
83102507
83102529
83102536
83102538
83102577
83103227
83103354
83103361
83103383
83103390
83103437
83104174
83104176
83104185
83104895
83104897
83104904
83104916
83104937
83104964
83105582
83105585
83105592
83105599
83106264
83106268
83106280
83106288
83106326
83106985
83106994
83107011
83107017
83107026
83107791
83107796
83107817
83107829
83108633
83108641
83108659
83108672
83108686
83108734
83109521
83109573
83109600
83110213
83110233
83110886
83110889
83110895
83110920
83110925
83110933
83111549
83111554
83111577
83111658
83112230
83112234
83112237
83112251
83112253
83112257
83112270
83113049
83113051
83113053
83113074
83113717
83113718
83113742
83113744
83114363
83114366
83114392
83114402
83114405
83115192
83115225
83115229
83115230
83115237
83115962
83115963
83115979
83115982
83116761
83116765
83116792
83116794
83116796
83116804
83116805
83117623
83117630
83117631
83117654
83117663
83118436
83118442
83118445
83118467
83118480
83118483
83119290
83119291
83119298
83119315
83119337
83120094
83120099
83120103
83120116
83120123
83120721
83120737
83120772
83120793
83121532
83121539
83121545
83121567
83121573
83122357
83122358
83122368
83122391
83123033
83123042
83123066
83123072
83123075
83123078
83123079
83123836
83123846
83123851
83123866
83123876
83123892
83124498
83124502
83124506
83124524
83125302
83125313
83125317
83125331
83125349
83126170
83126172
83126962
83126968
83126974
83127002
83127762
83127772
83127774
83127806
83128398
83128426
83128442
83128455
83128519
83129071
83129074
83129076
83129103
83129123
83129861
83129863
83129868
83129889
83129892
83129897
83130638
83130643
83130645
83130672
83131426
83131429
83131432
83132041
83132064
83132841
83132842
83132843
83132877
83132878
83133560
83133666
83133755
83133797
83134307
83134308
83134334
83135145
83135146
83135179
83135772
83135773
83135803
83135997
83136566
83136571
83136591
83136596
83137350
83137353
83137361
83137370
83137373
83138139
83138144
83138163
83138165
83138193
83138244
83138838
83138848
83139482
83139487
83140091
83140096
83140109
83140110
83140112
83140748
83140755
83140760
83140782
83140784
83141417
83141419
83141441
83141447
83141448
83142213
83142216
83142224
83142243
83142256
83143044
83143058
83143066
83143106
83143153
83143933
83143941
83143954
83143972
83144641
83144649
83144657
83144660
83144674
83144678
83145300
83145304
83145310
83145321
83146106
83146107
83146117
83146122
83146128
83146759
83146773
83146775
83146779
83146781
83147416
83147419
83147438
83148170
83148226
83148227
83148229
83148239
83148240
83148243
83148244
83148873
83148925
83148926
83148944
83149733
83149741
83149742
83149744
83149759
83150377
83150382
83150397
83150398
83150399
83151040
83151043
83151044
83151052
83151056
83151059
83151061
83151689
83151696
83151712
83151714
83152351
83153249
83153251
83153254
83153266
83153268
83153269
83153896
83153904
83153908
83153913
83154550
83154560
83154562
83154563
83154569
83154571
83155175
83155188
83155194
83155202
83155208
83155969
83155974
83155988
83155989
83155992
83155994
83155996
83155998
83156000
83156607
83156608
83156619
83157229
83157234
83157236
83157243
83157244
83158014
83158024
83158028
83158030
83158035
83158702
83158704
83158711
83158713
83158716
83158717
83158724
83159487
83159491
83159496
83159500
83159502
83159508
83159509
83159511
83160124
83160126
83160129
83160133
83160138
83160139
83160142
83160143
83160146
83160916
83160917
83160923
83160926
83160932
83161705
83161710
83161714
83161716
83161718
83161720
83161721
83162568
83162574
83162584
83162585
83162588
83162589
83162590
83163211
83163217
83163220
83163224
83163225
83163226
83163229
83163232
83163235
83164005
83164008
83164012
83164015
83164017
83164635
83164643
83164644
83164650
83164651
83164652
83164655
83164657
83165468
83165476
83165479
83165484
83165496
83166258
83166263
83166268
83166273
83166274
83166281
83166898
83166902
83166903
83166909
83166914
83166916
83166920
83167544
83167549
83167551
83167556
83167559
83167564
83167565
83167568
83167569
83167573
83168185
83168191
83168192
83168196
83168198
83168202
83168204
83168826
83168830
83168831
83168836
83168840
83168842
83169465
83169731
83169734
83170107
83170112
83170113
83170120
83170125
83170897
83170906
83170907
83170911
83170917
83170918
83170919
83171635
83171642
83171645
83171646
83171647
83171649
83171650
83171654
83172277
83172278
83172282
83172284
83172286
83172288
83172289
83172294
83172296
83172967
83172977
83172979
83172981
83172983
83172985
83172989
83173608
83173613
83173615
83173616
83173620
83173624
83173625
83173626
83173628
83173632
83174247
83174252
83174254
83174256
83174260
83174261
83174262
83174264
83174272
83175034
83175047
83175049
83175050
83175057
83175065
83175067
83175839
83175840
83175841
83175848
83175849
83175851
83175852
83175857
83176530
83176617
83176619
83176620
83176623
83176626
83176630
83177452
83177459
83177468
83177469
83177474
83178091
83178095
83178103
83178105
83178109
83178118
83178735
83178743
83178745
83178746
83178750
83178751
83178758
83179542
83179547
83179548
83179554
83179558
83179560
83179567
83179573
83180318
83180326
83180330
83180334
83180335
83180339
83180341
83180977
83180979
83180984
83180987
83180990
83180991
83181766
83181767
83181782
83181788
83181790
83181794
83182570
83182571
83182574
83182576
83182579
83183215
83183219
83183222
83183223
83184001
83184011
83184024
83184034
83184042
83184055
83184806
83184812
83184815
83184819
83184829
83185600
83185604
83185608
83185609
83185611
83185618
83186256
83186257
83186258
83186268
83186273
83186274
83186275
83187039
83187044
83187048
83187052
83187054
83187057
83187059
83187062
83187884
83187891
83187892
83187899
83187908
83188535
83188536
83188537
83188547
83188548
83188559
83189186
83189187
83189191
83189819
83189825
83189827
83189828
83189829
83189836
88151473
88151595
88151605
88151606
88151609
88151612
88151618
88151619
88151622
88151628
88151629
88151642
88152025
88152149
88152160
88152161
88152171
88152175
88152177
88152179
88152208
88152286
88152679
88152683
88152686
88152688
88152689
88152691
88152692
88152696
88152702
88152709
88152719
88152725
88152754
88153225
88153229
88153233
88153235
88153243
88153244
88153746
88153749
88153752
88153756
88153759
88153765
88153767
88153768
88153771
88153779
88154272
88154279
88154283
88154284
88154290
88154292
88154296
88154298
88154299
88154318
88154713
88154717
88154795
88154797
88154798
88154804
88154805
88154806
88154817
88154827
88154833
88154837
88155283
88155337
88155340
88155350
88155351
88155353
88155356
88155359
88155360
88155376
88155786
88155795
88155874
88155875
88155879
88155883
88155884
88155886
88155888
88155889
88155891
88155892
88155893
88155899
88155904
88155935
88156417
88156420
88156423
88156424
88156427
88156431
88156434
88156445
88156991
88157007
88157008
88157009
88157010
88157017
88157019
88157020
88157029
88157057
88157435
88157527
88157529
88157530
88157531
88157532
88157533
88157534
88157535
88157536
88157543
88157548
88157549
88157551
88157553
88157556
88157970
88158059
88158062
88158065
88158069
88158070
88158074
88158075
88158076
88158077
88158078
88158083
88158092
88158110
88158126
88158585
88158596
88158603
88158604
88158605
88158607
88158610
88158616
88158620
88159038
88159048
88159118
88159120
88159123
88159141
88159142
88159143
88159144
88159146
88159149
88159194
88159639
88159643
88159644
88159647
88159655
88159661
88159662
88159667
88159693
88160170
88160171
88160179
88160186
88160193
88160194
88160200
88160739
88160745
88160754
88160770
88161275
88161277
88161288
88161289
88161295
88161311
88161594
88161722
88161730
88161793
88161795
88161796
88161801
88161803
88161804
88161844
88162327
88162328
88162329
88162332
88162333
88162368
88162782
88162792
88162860
88162861
88162864
88162865
88162866
88162871
88162936
88163314
88163388
88163392
88163395
88163396
88163405
88163844
88163918
88163921
88163923
88163937
88164487
88164488
88164497
88164945
88164955
88165020
88165023
88165025
88165029
88165031
88165075
88165480
88165484
88165554
88165558
88165561
88165578
88165994
88166070
88166077
88166094
88166097
88166531
88166600
88167067
88167131
88167140
88167569
88167585
88168103
88168115
88168666
88168694
88168755
88169213
88169290
88169736
88169837
88170257
88170265
88170328
88170387
88170789
88170890
88171237
88171305
88171332
88171404
88171910
88172324
88172405
88172479
88172867
88172962
88173006
88173532
88173562
88174006
88174034
88174082
88174617
88174620
88174928
88175064
88175078
88175546
88175597
88176116
88176353
88176639
88177158
88177203
88177416
88177575
88177671
88177729
88177730
88177971
88178241
88178509
88178778
88178786
88178802
88179042
88179274
88179285
88179286
88179575
88179819
88179841
88180121
88180295
88180653
88180822
88180829
88180921
88181414
88181966
88181971
88182451
88182485
88182522
88182804
88182985
88183047
88183388
88183542
88183563
88183607
88183912
88184045
88184062
88184099
88184143
88184587
88184590
88184615
88184620
88185088
88185103
88185105
88185608
88185612
88185640
88185662
88185687
88185698
88186112
88186123
88186177
88186178
88186640
88186677
88187227
88187237
88187736
88187742
88187747
88187799
88187804
88188263
88188272
88188276
88188798
88188816
88188881
88189326
88189333
88189416
88189427
88189430
88189899
88190385
88190414
88190458
88190487
88190488
88190927
88190966
88191000
88191005
88191377
88191434
88191459
88191461
88191502
88191506
88191944
88191945
88192013
88192025
88192500
88192549
88192550
88192583
88193019
88193068
88193105
88193496
88193551
88193629
88194158
88194192
88194661
88194668
88195221
88195508
88195657
88195680
88196166
88196298
88196752
88196812
88197316
88197330
88197829
88197860
88197906
88198893
88198970
88199435
88199483
88200003
88200027
88200529
88201040
88201072
88201079
88201592
88201604
88202087
88202129
88202640
88202656
88203168
88203729
88203954
88204229
88204232
88204771
88205283
88205803
88205834
88206332
88206352
88206818
88206895
88207355
88207395
88207692
88207887
88207899
88207928
88208483
88208966
88209472
88209980
88210362
88210571
88210789
88211039
88211042
88211123
88211145
88211566
88211861
88212110
88212377
88212701
88213164
88213244
88213446
88213695
88213749
88214255
88214558
88214806
88215619
88216170
88216447
88217155
88217256
88218280
88218566
88218761
88219811
88219853
88220005
88220136
88220415
88220579
88220948
88222012
88222536
88222688
88223249
88223586
88223611
88224112
88224638
88224669
88224901
88225199
88225691
88225729
88225947
88226223
88226299
88226350
88226787
88226818
88227338
88227555
88227871
88228384
88228919
88229115
88229425
88229442
88230163
88230176
88230489
88231046
88231083
88231229
88231494
88232091
88232593
88232614
88233113
88233128
88233654
88233725
88234175
88234299
88234701
88234736
88235253
88235276
88235386
88235402
88235753
88235893
88236861
88237920
88238450
88238542
88238973
88239078
88239095
88239520
88240045
88240561
88241127
88241198
88241504
88242714
88242818
88243841
88244301
88244393
88245349
88245371
88245806
88246420
88246482
88246984
88247030
88247500
88247537
88248549
88248552
88248607
88249586
88249590
88249655
88249669
88250107
88250109
88250170
88250187
88250634
88251173
88251191
88251700
88251717
88251797
88252245
88252299
88252305
88252333
88252758
88252759
88252819
88252856
88252864
88253272
88253358
88253367
88253380
88253796
88253885
88254317
88254377
88254830
88254832
88254923
88255361
88255365
88255893
88255899
88256172
88256417
88256424
88256504
88256717
88257069
88258299
88258549
88258615
88258841
88258974
88259089
88260140
88260674
88260938
88261733
88262271
88262300
88262783
88262820
88263330
88263584
88263593
88263641
88263861
88264404
88264756
88264972
88265287
88265816
88266013
88266032
88266353
88266452
88266836
88266891
88266988
88267539
88268144
88268465
88268476
88268514
88269044
88269146
88269580
88270074
88270125
88270752
88271103
88271299
88271325
88272144
88272266
88272674
88272753
88272790
88273276
88273308
88273767
88273820
88273963
88274228
88274297
88274302
88274706
88274852
88274917
88274975
88275229
88275396
88275927
88275974
88276327
88276480
88276527
88276592
88276868
88276925
88277078
88277129
88277410
88277668
88277970
88278092
88278149
88278254
88278479
88278502
88278632
88278748
88278981
88279004
88279534
88279549
88279595
88279697
88279717
88280071
88280083
88280166
88280233
88280276
88280823
88281132
88281675
88282185
88282349
88282398
88282440
88282733
88282965
88283216
88283263
88283374
88283406
88283437
88283752
88283792
88283867
88284276
88284301
88284411
88284828
88284947
88284986
88285275
88285351
88285383
88285572
88285882
88286010
88286365
88286429
88286928
88287179
88287449
88287488
88287544
88287696
88287943
88287982
88288092
88288547
88288731
88289140
88289166
88289212
88289377
88289703
88289730
88289732
88290187
88290211
88290691
88290739
88290825
88290913
88291779
88291835
88292283
88292292
88292817
88292864
88292871
88292977
88293333
88293502
88293851
88293979
88294334
88294420
88294508
88294597
88294854
88294880
88294948
88295053
88295359
88295464
88295491
88295625
88295910
88296414
88296452
88296507
88296627
88296944
88297035
88297036
88297175
88297181
88297204
88297470
88298050
88298059
88298570
88298654
88298658
88299080
88299092
88299168
88299304
88299587
88299615
88299686
88299691
88300124
88300130
88300220
88300350
88300642
88300654
88301154
88301384
88301393
88301667
88301696
88302191
88302205
88302388
88302734
88302795
88302837
88302864
88302948
88303246
88303266
88303309
88303395
88303789
88303829
88304352
88304411
88304445
88304454
88304531
88304577
88304580
88304994
88305015
88305392
88305427
88305454
88305511
88305587
88305626
88305941
88305953
88306019
88306023
88306484
88306625
88306681
88306995
88306996
88307005
88307061
88307120
88307497
88307517
88307527
88307594
88307609
88307649
88307652
88307671
88307684
88308026
88308037
88308041
88308113
88308124
88308132
88308146
88308152
88308561
88308566
88308577
88308674
88308696
88308714
88308740
88309073
88309080
88309093
88309095
88309178
88309179
88309217
88309258
88309266
88309580
88309597
88309604
88309611
88309614
88309616
88309648
88309793
88310113
88310116
88310117
88310127
88310134
88310152
88310162
88310205
88310221
88310281
88310630
88310631
88310633
88310638
88310642
88310646
88310647
88310648
88310666
88310726
88310750
88310759
88310787
88311151
88311152
88311154
88311155
88311157
88311159
88311166
88311172
88311189
88311214
88311286
88311312
88311314
88311668
88311670
88311671
88311676
88311677
88311714
88311745
88311805
88311838
88312239
88312244
88312248
88312254
88312260
88312265
88312267
88312268
88312291
88312304
88312332
88312398
88312430
88312754
88312764
88312768
88312771
88312777
88312783
88312785
88312802
88312819
88313279
88313284
88313289
88313293
88313307
88313310
88313311
88313312
88313317
88313322
88313338
88313344
88313448
88313499
88313788
88313790
88313792
88313800
88313802
88313807
88313811
88313812
88313814
88313822
88313823
88313825
88313827
88313857
88313859
88313977
88314283
88314303
88314304
88314308
88314317
88314322
88314327
88314330
88314373
88314377
88314385
88314394
88314444
88314804
88314806
88314819
88314821
88314822
88314826
88314829
88314834
88314838
88314845
88314847
88314853
88314878
88314992
88315322
88315323
88315326
88315329
88315337
88315341
88315347
88315348
88315352
88315358
88315362
88315390
88315446
88315489
88315840
88315850
88315856
88315857
88315859
88315861
88315866
88315868
88315869
88315870
88315875
88315890
88315931
88315959
88316351
88316352
88316355
88316365
88316367
88316371
88316372
88316376
88316378
88316379
88316382
88316385
88316389
88316392
88316393
88316395
88316396
88316858
88316873
88316881
88316883
88316885
88316891
88316900
88316902
88316906
88316908
88316911
88316928
88317036
88317383
88317387
88317393
88317394
88317397
88317398
88317402
88317403
88317405
88317411
88317414
88317415
88317534
88317578
88317895
88317901
88317910
88317919
88317921
88317926
88317929
88317932
88317936
88318021
88318407
88318412
88318415
88318421
88318422
88318432
88318433
88318435
88318437
88318443
88318444
88318451
88318455
88318457
88318461
88318468
88318482
88318526
88318595
88318628
88318921
88318930
88318940
88318941
88318945
88318947
88318948
88318950
88318952
88318953
88318954
88318955
88318958
88318959
88318968
88318969
88318974
88318976
88318979
88319035
88319041
88319081
88319434
88319442
88319452
88319454
88319459
88319463
88319466
88319476
88319482
88319485
88319489
88319490
88319495
88319497
88319498
88319585
88319658
88319943
88319960
88319962
88319965
88319970
88319973
88319974
88319975
88319979
88319981
88319982
88319992
88320004
88320023
88320466
88320467
88320476
88320481
88320488
88320490
88320491
88320494
88320495
88320497
88320502
88320504
88320506
88320513
88320517
88320518
88320519
88320524
88320987
88320989
88320999
88321006
88321009
88321010
88321015
88321016
88321017
88321020
88321026
88321037
88321041
88321502
88321517
88321518
88321524
88321525
88321527
88321530
88321531
88321535
88321537
88321543
88321545
88321546
88321556
88321558
88321559
88321571
88322026
88322037
88322038
88322040
88322041
88322049
88322050
88322051
88322055
88322059
88322061
88322067
88322077
88322089
88322090
88322093
88322606
88322611
88322615
88322619
88322621
88322623
88322629
88322630
88322631
88322634
88322638
88322639
88322647
88322649
88322651
88322653
88322662
88322665
88322839
88323120
88323126
88323128
88323137
88323138
88323140
88323143
88323144
88323146
88323148
88323150
88323152
88323155
88323157
88323159
88323174
88323175
88323177
88323205
88323286
88323640
88323647
88323655
88323658
88323660
88323664
88323665
88323672
88323673
88323674
88323677
88323679
88323682
88323688
88323693
88323694
88323696
88323698
88324164
88324168
88324169
88324178
88324181
88324183
88324189
88324190
88324191
88324192
88324195
88324198
88324199
88324206
88324210
88324211
88324229
88324239
88324675
88324685
88324686
88324689
88324693
88324699
88324700
88324702
88324704
88324710
88324712
88324713
88324715
88324723
88324729
88324732
88324747
88324757
88324782
88325207
88325214
88325218
88325221
88325222
88325224
88325227
88325228
88325229
88325232
88325233
88325235
88325239
88325240
88325241
88325252
88325260
88325262
88325724
88325739
88325744
88325745
88325746
88325749
88325762
88325766
88325767
88325768
88325769
88325772
88325788
88325796
88325799
88325800
88326248
88326258
88326260
88326262
88326265
88326268
88326269
88326271
88326272
88326273
88326278
88326280
88326284
88326289
88326290
88326291
88326294
88326299
88326301
88326763
88326764
88326768
88326770
88326774
88326776
88326777
88326779
88326783
88326786
88326787
88326788
88326790
88326793
88326799
88326802
88326809
88326820
88326830
88327166
88327275
88327280
88327281
88327282
88327283
88327286
88327291
88327293
88327294
88327295
88327297
88327298
88327299
88327300
88327304
88327306
88327308
88327311
88327315
88327674
88327780
88327781
88327786
88327789
88327792
88327797
88327803
88327806
88327808
88327811
88327814
88327826
88327835
88327837
88327841
88327843
88327850
88328035
88328208
88328299
88328301
88328306
88328313
88328314
88328315
88328317
88328320
88328323
88328324
88328325
88328328
88328331
88328334
88328335
88328339
88328343
88328352
88328357
88328363
88328749
88328846
88328847
88328852
88328855
88328857
88328858
88328860
88328881
88328882
88328885
88328889
88328891
88328901
88328906
88328907
88328911
88328919
88328921
88329370
88329371
88329372
88329375
88329376
88329377
88329383
88329392
88329393
88329406
88329410
88329422
88329430
88329431
88329442
88329449
88329460
88329807
88329892
88329902
88329903
88329904
88329906
88329907
88329913
88329915
88329921
88329922
88329925
88329927
88329929
88329930
88329934
88329938
88329942
88329951
88329956
88329962
88330433
88330435
88330436
88330442
88330443
88330444
88330445
88330448
88330449
88330450
88330458
88330461
88330462
88330463
88330473
88330476
88330477
88330496
88330952
88330956
88330964
88330965
88330976
88330977
88330978
88330980
88330984
88330986
88330990
88331000
88331008
88331012
88331026
88331029
88331092
88331392
88331469
88331477
88331484
88331486
88331493
88331497
88331499
88331503
88331511
88331516
88331532
88331540
88331998
88332006
88332007
88332010
88332011
88332016
88332017
88332018
88332021
88332022
88332025
88332027
88332037
88332038
88332041
88332053
88332061
88332062
88332509
88332511
88332514
88332522
88332531
88332534
88332535
88332540
88332541
88332551
88332554
88332556
88332560
88332572
88332573
88332582
88332586
88332591
88332962
88333027
88333035
88333037
88333038
88333040
88333042
88333043
88333049
88333057
88333058
88333063
88333066
88333067
88333075
88333077
88333090
88333158
88333465
88333532
88333542
88333552
88333555
88333557
88333559
88333561
88333562
88333570
88333571
88333572
88333574
88333577
88333578
88333584
88333585
88333589
88333591
88333595
88333611
88333615
88334018
88334071
88334081
88334085
88334089
88334090
88334095
88334098
88334099
88334111
88334112
88334118
88334135
88334136
88334573
88334586
88334600
88334603
88334606
88334609
88334612
88334620
88334622
88334639
88334658
88334662
88334667
88334687
88335123
88335126
88335130
88335132
88335136
88335137
88335147
88335148
88335152
88335157
88335159
88335169
88335170
88335171
88335173
88335185
88335188
88335251
88335645
88335650
88335653
88335654
88335655
88335656
88335663
88335664
88335666
88335668
88335671
88335672
88335701
88335708
88335716
88335720
88336119
88336165
88336167
88336169
88336170
88336172
88336175
88336176
88336185
88336189
88336194
88336197
88336204
88336207
88336231
88336241
88336258
88336653
88336694
88336695
88336697
88336699
88336702
88336704
88336705
88336711
88336721
88336725
88336739
88336751
88336761
88336762
88337215
88337216
88337219
88337221
88337222
88337224
88337225
88337227
88337228
88337229
88337232
88337233
88337238
88337239
88337243
88337245
88337246
88337247
88337258
88337260
88337391
88337649
88337674
88337733
88337737
88337743
88337745
88337746
88337750
88337753
88337758
88337760
88337762
88337763
88337765
88337767
88337769
88337776
88337777
88337778
88337780
88337790
88337807
88338191
88338239
88338278
88338279
88338284
88338286
88338288
88338291
88338292
88338296
88338300
88338303
88338306
88338309
88338311
88338313
88338327
88338762
88338804
88338805
88338806
88338807
88338812
88338815
88338819
88338820
88338823
88338825
88338827
88338836
88338838
88338841
88338845
88338853
88339243
88339281
88339325
88339326
88339330
88339331
88339332
88339338
88339340
88339341
88339344
88339352
88339355
88339363
88339372
88339374
88339388
88339774
88339852
88339854
88339858
88339859
88339861
88339862
88339864
88339867
88339871
88339873
88339874
88339889
88339890
88339896
88339898
88339918
88340335
88340365
88340379
88340382
88340383
88340384
88340385
88340387
88340390
88340391
88340394
88340395
88340396
88340407
88340413
88340416
88340421
88340425
88340428
88340433
88340434
88340435
89223740
89229377
89234522
89269343
89270397
89275052
89275450
89276111
89277018
89278194
89279150
89280751
89280832
89309743
89319263
89321690
89321832
89324454
89324993
89327716
89377999
89383162
89387341
89393617
89396259
89398400
89398925
89400492
89401542
89403661
89405235
89406800
89408383
89408900
89410483
89411523
89412054
89412586
89413648
89415226
89416291
89419591
89420132
89420690
89421778
89424476
89425012
89426090
89426637
89427154
89428240
89429325
89429331
89430943
89431475
89433095
89434703
89435770
89436841
89440593
89442196
89445444
89445964
89448135
89448141
89448672
89449210
89449776
89450284
89452988
89453030
89457367
89474100
89475160
89489164
89491934
89492476
89494134
89515090
89517289
89518930
89520042
89522779
89523349
89529447
89530175
89530577
89535031
89536163
89536708
89538398
89538817
89539380
89539508
89540069
89541621
89542181
89545496
89546065
89548291
89548848
89549951
89550496
89551052
89553254
89558303
89559976
89561597
89567102
89568777
89569810
89570312
89571358
89571367
89571904
89571932
89572470
89572474
89573008
89573019
89573560
89574098
89574651
89574657
89574802
89575751
89575757
89576301
89576308
89576855
89576864
89577385
89577923
89577951
89579037
89579574
89579588
89580111
89580129
89580151
89580234
89580655
89580676
89580804
89581211
89581234
89581289
89581785
89582343
89582360
89582853
89582872
89583398
89583423
89583939
89584502
89585028
89585734
89586113
89586115
89586659
89587238
89587244
89587770
89587772
89588302
89588313
89588844
89589388
89589944
89590497
89590535
89591044
89591057
89591059
89591598
89592144
89592163
89592692
89592700
89593253
89593795
89593802
89593818
89593865
89594339
89594353
89594883
89594901
89594905
89595980
89595991
89596000
89596526
89596538
89597073
89597093
89597113
89598721
89599281
89599292
89599828
89599835
89599842
89599861
89600388
89600389
89600392
89600407
89600413
89600937
89601509
89601517
89602071
89602074
89602081
89602083
89602614
89602626
89603157
89603176
89603702
89604252
89604260
89604264
89604269
89604836
89605925
89605941
89605949
89605952
89606475
89607020
89607038
89608115
89608674
89608696
89609819
89610354
89610368
89610909
89611467
89612015
89612033
89612037
89612577
89613133