82933529
82933532
82933537
82933541
82933542
82933546
82933547
82933548
82933552
82933553
82933554
82933555
82933556
82933558
82933561
82933564
82933566
82933567
82933568
82933573
82933577
82933602
82934195
82934204
82934206
82934213
82934217
82934218
82934220
82934222
82934223
82934224
82934230
82934231
82934232
82934233
82934234
82934236
82934239
82934240
82934241
82934242
82934243
82934244
82934245
82934246
82934247
82934257
82934874
82934878
82934883
82934886
82934887
82934890
82934893
82934895
82934898
82934901
82934903
82934907
82934908
82934909
82934910
82934911
82934913
82934914
82934916
82934918
82934922
82934924
82934926
82934941
82935530
82935536
82935538
82935542
82935545
82935547
82935548
82935550
82935551
82935553
82935555
82935556
82935557
82935559
82935562
82935564
82935565
82935568
82935571
82935572
82935576
82935579
82935582
82935595
82936336
82936337
82936343
82936346
82936347
82936349
82936350
82936355
82936357
82936358
82936359
82936360
82936362
82936363
82936364
82936365
82936366
82936369
82936371
82936373
82936374
82936378
82936384
82936386
82936387
82936395
82936400
82936402
82936411
82937140
82937141
82937150
82937152
82937153
82937156
82937157
82937159
82937161
82937162
82937167
82937169
82937170
82937171
82937173
82937176
82937177
82937178
82937181
82937182
82937183
82937186
82937198
82937769
82937770
82937772
82937774
82937778
82937779
82937786
82937787
82937788
82937791
82937792
82937793
82937809
82937821
82937828
82937843
82937844
82937861
82937863
82937872
82937873
82937878
82937886
82937893
82937916
82937934
82937954
82938419
82938421
82938432
82938433
82938434
82938436
82938437
82938441
82938443
82938445
82938446
82938447
82938448
82938450
82938451
82938453
82938454
82938455
82938456
82938457
82938458
82938459
82938462
82938463
82938469
82938474
82938476
82939214
82939226
82939229
82939231
82939232
82939233
82939238
82939242
82939243
82939245
82939248
82939249
82939250
82939251
82939254
82939255
82939257
82939259
82939260
82939263
82939265
82939266
82939268
82939269
82939281
82939282
82939294
82940013
82940015
82940022
82940023
82940024
82940029
82940033
82940036
82940038
82940040
82940041
82940044
82940045
82940047
82940048
82940050
82940051
82940052
82940055
82940057
82940058
82940059
82940061
82940064
82940065
82940066
82940067
82940073
82940102
82940658
82940659
82940665
82940667
82940668
82940670
82940676
82940677
82940678
82940679
82940681
82940682
82940683
82940685
82940687
82940689
82940691
82940694
82940697
82940698
82940703
82940705
82940706
82940707
82940709
82940710
82940719
82940733
82940739
82941285
82941304
82941307
82941308
82941309
82941311
82941312
82941315
82941318
82941319
82941320
82941322
82941324
82941325
82941327
82941332
82941333
82941335
82941347
82941349
82941355
82941366
82941380
82942088
82942091
82942100
82942101
82942111
82942112
82942113
82942114
82942116
82942117
82942118
82942119
82942122
82942123
82942126
82942127
82942130
82942131
82942134
82942138
82942141
82942143
82942149
82942152
82942734
82942736
82942746
82942747
82942748
82942750
82942751
82942753
82942754
82942755
82942757
82942758
82942759
82942760
82942761
82942765
82942771
82942772
82942773
82942775
82942779
82942782
82942783
82942787
82942790
82942791
82942792
82942793
82943377
82943379
82943386
82943388
82943389
82943390
82943393
82943395
82943396
82943397
82943400
82943403
82943404
82943408
82943409
82943411
82943412
82943421
82943425
82943428
82943429
82943430
82943436
82944168
82944172
82944179
82944184
82944187
82944188
82944189
82944190
82944191
82944192
82944193
82944194
82944195
82944199
82944200
82944202
82944203
82944208
82944209
82944210
82944219
82944229
82944257
82944947
82944966
82944970
82944976
82944977
82944978
82944979
82944981
82944982
82944983
82944984
82944985
82944986
82944990
82945004
82945013
82945015
82945018
82945059
82945071
82945114
82945619
82945622
82945630
82945632
82945633
82945634
82945640
82945642
82945643
82945645
82945646
82945648
82945649
82945650
82945651
82945652
82945653
82945654
82945656
82945657
82945658
82945659
82945661
82945662
82945664
82945667
82945686
82946254
82946259
82946269
82946270
82946272
82946275
82946278
82946279
82946281
82946283
82946285
82946286
82946290
82946292
82946293
82946294
82946295
82946296
82946299
82946301
82946302
82946303
82946978
82947001
82947016
82947017
82947020
82947023
82947025
82947027
82947028
82947044
82947065
82947077
82947092
82947094
82947097
82947099
82947103
82947105
82947117
82947118
82947120
82947151
82947832
82947836
82947844
82947846
82947848
82947853
82947855
82947856
82947858
82947859
82947860
82947863
82947864
82947865
82947867
82947868
82947870
82947871
82947873
82947874
82947876
82947878
82947879
82947887
82947891
82947895
82947926
82948314
82948315
82948467
82948473
82948481
82948484
82948488
82948491
82948493
82948494
82948496
82948498
82948500
82948501
82948502
82948504
82948505
82948506
82948517
82948518
82948624
82948626
82948630
82949266
82949271
82949279
82949284
82949287
82949288
82949289
82949295
82949296
82949297
82949301
82949303
82949305
82949307
82949314
82949315
82949318
82949319
82949320
82949321
82949325
82949916
82949927
82949928
82949930
82949932
82949933
82949935
82949936
82949939
82949942
82949944
82949946
82949951
82949953
82949955
82949960
82949964
82949980
82950039
82950701
82950706
82950719
82950721
82950724
82950726
82950727
82950730
82950732
82950733
82950734
82950735
82950737
82950739
82950740
82950749
82950752
82950754
82950755
82950756
82950757
82950760
82950833
82951332
82951334
82951351
82951355
82951357
82951360
82951361
82951362
82951365
82951366
82951367
82951368
82951374
82951375
82951376
82951377
82951378
82951379
82951380
82951386
82951389
82951391
82951393
82951396
82951397
82951412
82951415
82951774
82951958
82951964
82951966
82951972
82951975
82951985
82951989
82951991
82951992
82951993
82951996
82951998
82952000
82952002
82952003
82952005
82952006
82952007
82952017
82952019
82952049
82952050
82952065
82952610
82952614
82952627
82952637
82952638
82952641
82952642
82952644
82952646
82952649
82952652
82952655
82952656
82952660
82952663
82952665
82952667
82952671
82952672
82952682
82953239
82953258
82953268
82953274
82953275
82953276
82953278
82953280
82953282
82953284
82953288
82953289
82953293
82953295
82953299
82953300
82953301
82953302
82953307
82953310
82953315
82953316
82954029
82954047
82954049
82954055
82954056
82954057
82954062
82954064
82954065
82954066
82954067
82954069
82954070
82954075
82954076
82954078
82954081
82954082
82954084
82954090
82954097
82954107
82954110
82954463
82954670
82954678
82954689
82954694
82954697
82954702
82954706
82954707
82954710
82954711
82954712
82954713
82954714
82954716
82954718
82954719
82954720
82954725
82954737
82954738
82954740
82955133
82955315
82955324
82955326
82955329
82955331
82955332
82955333
82955334
82955336
82955338
82955339
82955341
82955342
82955343
82955349
82955352
82955353
82955354
82955356
82955366
82955370
82955475
82955773
82955954
82955968
82955975
82955984
82955986
82955987
82955988
82955989
82955994
82955996
82955998
82956001
82956002
82956006
82956007
82956010
82956011
82956013
82956014
82956018
82956019
82956024
82956031
82956735
82956756
82956760
82956764
82956772
82956773
82956774
82956776
82956781
82956783
82956784
82956785
82956788
82956790
82956793
82956795
82956797
82956798
82956800
82956801
82956805
82956821
82957527
82957540
82957545
82957559
82957563
82957565
82957568
82957571
82957573
82957574
82957578
82957581
82957582
82957586
82957588
82957592
82957597
82957625
82957650
82958241
82958317
82958327
82958334
82958341
82958345
82958347
82958348
82958354
82958359
82958361
82958363
82958365
82958368
82958370
82958374
82958375
82958379
82958383
82958385
82958390
82958391
82958395
82959050
82959112
82959122
82959130
82959134
82959138
82959139
82959144
82959147
82959148
82959149
82959154
82959155
82959156
82959160
82959168
82959172
82959180
82959202
82959904
82959917
82959924
82959934
82959936
82959937
82959938
82959940
82959944
82959945
82959946
82959949
82959950
82959951
82959955
82959957
82959962
82960023
82960048
82960695
82960703
82960719
82960731
82960732
82960738
82960740
82960741
82960744
82960745
82960746
82960747
82960748
82960749
82960752
82960753
82960756
82960757
82960758
82960768
82961447
82961493
82961495
82961503
82961515
82961516
82961518
82961522
82961526
82961531
82961534
82961537
82961538
82961543
82961552
82961555
82961559
82962277
82962280
82962287
82962295
82962299
82962302
82962304
82962309
82962310
82962312
82962313
82962320
82962328
82962329
82962330
82962336
82962337
82962340
82962342
82962344
82962345
82962353
82962733
82962907
82962909
82962913
82962915
82962916
82962921
82962928
82962932
82962936
82962942
82962943
82962949
82962950
82962956
82962957
82962960
82962961
82963703
82963712
82963719
82963727
82963728
82963729
82963732
82963735
82963736
82963737
82963738
82963739
82963740
82963741
82963756
82963758
82963764
82963775
82964349
82964359
82964368
82964369
82964372
82964376
82964378
82964380
82964384
82964386
82964400
82964401
82964404
82964408
82964989
82964992
82965006
82965014
82965015
82965016
82965019
82965021
82965023
82965025
82965029
82965031
82965032
82965033
82965047
82965050
82965058
82965059
82965060
82965636
82965638
82965654
82965664
82965665
82965666
82965668
82965670
82965674
82965677
82965678
82965680
82965685
82965693
82965700
82965717
82965723
82965741
82966279
82966303
82966304
82966306
82966308
82966313
82966315
82966317
82966318
82966321
82966322
82966323
82966324
82966332
82966335
82966386
82966922
82966928
82966949
82966950
82966953
82966958
82966964
82966965
82966966
82966968
82966969
82966975
82966976
82966977
82966980
82966983
82966985
82966987
82966988
82966998
82967428
82967571
82967573
82967590
82967592
82967594
82967599
82967606
82967608
82967609
82967612
82967614
82967615
82967619
82967621
82967625
82967627
82967629
82967631
82967634
82967665
82968071
82968210
82968213
82968227
82968229
82968232
82968234
82968238
82968244
82968246
82968257
82968261
82968264
82968268
82968271
82968287
82968713
82968847
82968850
82968863
82968866
82968873
82968875
82968877
82968878
82968881
82968882
82968884
82968886
82968890
82968894
82968895
82968897
82968905
82968911
82968918
82968921
82968925
82968944
82968977
82969321
82969350
82969478
82969482
82969500
82969502
82969503
82969511
82969520
82969526
82969614
82969615
82969618
82969619
82969640
82969647
82969655
82970157
82970280
82970282
82970291
82970298
82970305
82970307
82970310
82970313
82970316
82970318
82970319
82970322
82970329
82970337
82970806
82970919
82970923
82970947
82970950
82970951
82970956
82970957
82970959
82970963
82970964
82970969
82970970
82970971
82970977
82970979
82970980
82970983
82971461
82971571
82971573
82971585
82971595
82971596
82971599
82971604
82971605
82971608
82971610
82971614
82971615
82971618
82971619
82971620
82971623
82971625
82971626
82971642
82972261
82972365
82972367
82972375
82972387
82972388
82972389
82972395
82972396
82972399
82972402
82972403
82972405
82972408
82972410
82972413
82972415
82972418
82972419
82972424
82972431
82972444
82972806
82972886
82972979
82973001
82973004
82973006
82973009
82973015
82973017
82973019
82973020
82973030
82973038
82973165
82973696
82973793
82973794
82973800
82973810
82973811
82973815
82973818
82973819
82973823
82973824
82973826
82973828
82973831
82973833
82973835
82973839
82973845
82973846
82973940
82974434
82974446
82974453
82974457
82974459
82974461
82974462
82974463
82974466
82974471
82974472
82974476
82974478
82974483
82974485
82974487
82974490
82974495
82974501
82975143
82975232
82975239
82975248
82975250
82975251
82975257
82975258
82975259
82975260
82975262
82975266
82975268
82975269
82975271
82975272
82975274
82975275
82975276
82975283
82975292
82975293
82975789
82975858
82975882
82975885
82975893
82975894
82975895
82975899
82975901
82975912
82975913
82975914
82975923
82975928
82976427
82976489
82976492
82976508
82976510
82976514
82976517
82976518
82976519
82976520
82976525
82976526
82976527
82976529
82976532
82976550
82976553
82976666
82977309
82977310
82977324
82977327
82977329
82977330
82977331
82977334
82977337
82977338
82977345
82977347
82977348
82977349
82977351
82977368
82977380
82977881
82977947
82977951
82977956
82977963
82977966
82977968
82977969
82977971
82977973
82977974
82977980
82977982
82977990
82977993
82977994
82977996
82977997
82977999
82978000
82978748
82978750
82978754
82978758
82978763
82978765
82978768
82978769
82978770
82978771
82978772
82978773
82978777
82978778
82978786
82978796
82978801
82979490
82979542
82979547
82979548
82979550
82979555
82979557
82979558
82979559
82979560
82979561
82979564
82979567
82979569
82979573
82979574
82979580
82979601
82980011
82980014
82980179
82980194
82980195
82980196
82980199
82980200
82980204
82980206
82980208
82980209
82980222
82980227
82980237
82980320
82980934
82980984
82980995
82980997
82980998
82980999
82981000
82981002
82981003
82981006
82981007
82981008
82981010
82981012
82981018
82981020
82981032
82981579
82981621
82981624
82981634
82981638
82981641
82981644
82981646
82981649
82981652
82981653
82981655
82981656
82981658
82981663
82981665
82981668
82981672
82982259
82982263
82982264
82982269
82982279
82982281
82982282
82982283
82982284
82982285
82982289
82982293
82982295
82982297
82982302
82982304
82982316
82982320
82982874
82982908
82982910
82982912
82982921
82982926
82982928
82982929
82982931
82982934
82982936
82982938
82982944
82982945
82982948
82982950
82982952
82982953
82982957
82982959
82982961
82983520
82983693
82983700
82983703
82983731
82983733
82983734
82983735
82983738
82983742
82983746
82983751
82983752
82983755
82984506
82984510
82984512
82984520
82984524
82984525
82984527
82984531
82984532
82984537
82984539
82984545
82984546
82984547
82984550
82984551
82984552
82984553
82984560
82985283
82985298
82985303
82985304
82985314
82985320
82985323
82985326
82985327
82985331
82985332
82985333
82985338
82985339
82985358
82985361
82985363
82986092
82986100
82986103
82986110
82986120
82986123
82986128
82986130
82986138
82986140
82986144
82986150
82986155
82986745
82986747
82986750
82986761
82986763
82986765
82986770
82986773
82986775
82986777
82986781
82986785
82986794
82986802
82987371
82987374
82987381
82987383
82987394
82987452
82987455
82987461
82987462
82987472
82987474
82987478
82987491
82987499
82987501
82987502
82988180
82988181
82988185
82988200
82988201
82988202
82988204
82988211
82988212
82988216
82988219
82988220
82988224
82988239
82988241
82988969
82988970
82988971
82988987
82988988
82988989
82989000
82989002
82989004
82989007
82989009
82989011
82989016
82989017
82989025
82989027
82989033
82989681
82989683
82989686
82989689
82989695
82989697
82989699
82989702
82989814
82989822
82989842
82989843
82989845
82989846
82989854
82989856
82989857
82989861
82989865
82989871
82990547
82990550
82990552
82990569
82990572
82990582
82990585
82990586
82990588
82990589
82990590
82990594
82990595
82990598
82990600
82990602
82990604
82990619
82991004
82991173
82991193
82991196
82991202
82991204
82991208
82991210
82991212
82991219
82991227
82991228
82991230
82991231
82991233
82991252
82991285
82991289
82991976
82991981
82991985
82991990
82991994
82992008
82992011
82992013
82992021
82992025
82992028
82992030
82992031
82992038
82992044
82992052
82992053
82992616
82992618
82992619
82992633
82992636
82992642
82992647
82992654
82992657
82992662
82992663
82992665
82992667
82992669
82992673
82992675
82992733
82993266
82993268
82993272
82993281
82993286
82993295
82993299
82993300
82993305
82993311
82993317
82993321
82993325
82993327
82993330
82993910
82993914
82993916
82993921
82993925
82993931
82993938
82993940
82993945
82993951
82993954
82993958
82993961
82993965
82993967
82993969
82993976
82993996
82994486
82994489
82994687
82994691
82994703
82994718
82994719
82994732
82994733
82994741
82994744
82994745
82994746
82994756
82994759
82994761
82994765
82994769
82995336
82995338
82995340
82995353
82995364
82995365
82995367
82995368
82995370
82995377
82995378
82995387
82995390
82995395
82995402
82996029
82996061
82996081
82996084
82996134
82996138
82996142
82996146
82996152
82996153
82996155
82996164
82996172
82996195
82996758
82996762
82996775
82996776
82996778
82996781
82996784
82996785
82996793
82996795
82996797
82996798
82996802
82996803
82996811
82996816
82997406
82997414
82997419
82997434
82997435
82997436
82997437
82997438
82997441
82997442
82997444
82997451
82997456
82998164
82998172
82998178
82998179
82998192
82998209
82998210
82998211
82998212
82998213
82998219
82998221
82998231
82998235
82998247
82998970
82998979
82998982
82998983
82998985
82998989
82998990
82998991
82998999
82999001
82999004
82999006
82999009
82999016
82999606
82999616
82999627
82999628
82999630
82999631
82999632
82999636
82999641
82999643
82999647
82999648
82999651
82999652
82999663
82999666
82999682
83000395
83000396
83000402
83000406
83000410
83000414
83000415
83000416
83000423
83000426
83000430
83000434
83000436
83000440
83000441
83001175
83001180
83001181
83001191
83001192
83001199
83001205
83001208
83001212
83001214
83001216
83001218
83001813
83001819
83001821
83001825
83001829
83001838
83001839
83001840
83001845
83001849
83001862
83001866
83002605
83002607
83002610
83002615
83002618
83002623
83002632
83002633
83002634
83002640
83002645
83002648
83002652
83002654
83002665
83002720
83003240
83003244
83003246
83003252
83003254
83003261
83003265
83003266
83003272
83003275
83003278
83003290
83003303
83003304
83003888
83003893
83003896
83003902
83003907
83003908
83003911
83003913
83003914
83003923
83003925
83003935
83003940
83004438
83004459
83004480
83004489
83004492
83004493
83004497
83004506
83004539
83004641
83004646
83004648
83004650
83004653
83005324
83005344
83005345
83005353
83005358
83005359
83005362
83005367
83005371
83005373
83005380
83005478
83005480
83005960
83005975
83005977
83005983
83005986
83005989
83005991
83005999
83006001
83006010
83006011
83006013
83006015
83006016
83006018
83006030
83006603
83006610
83006612
83006627
83006629
83006633
83006638
83006639
83006642
83006645
83006648
83006650
83006654
83006655
83006658
83006662
83006663
83007238
83007241
83007249
83007257
83007261
83007268
83007271
83007274
83007275
83007277
83007278
83007279
83007285
83007286
83007289
83007292
83007293
83007301
83007882
83007885
83007889
83007903
83007913
83008104
83008112
83008130
83008131
83008133
83008140
83008142
83008145
83008152
83008154
83008668
83008688
83008699
83008700
83008701
83008702
83008711
83008712
83008717
83008721
83008723
83008726
83008727
83008836
83009458
83009460
83009462
83009476
83009478
83009489
83009490
83009493
83009499
83009502
83009506
83009510
83009511
83009521
83010255
83010258
83010260
83010268
83010272
83010275
83010286
83010290
83010292
83010294
83010301
83010305
83010306
83010309
83010319
83010320
83010912
83011055
83011061
83011062
83011069
83011072
83011075
83011085
83011087
83011090
83011095
83011098
83011099
83011105
83011110
83011123
83011702
83011752
83011874
83011888
83011900
83011901
83011909
83011913
83011915
83011918
83011932
83011943
83011946
83011947
83011956
83011957
83012506
83012613
83012622
83012625
83012636
83012637
83012638
83012643
83012645
83012646
83012649
83012656
83012671
83012676
83012793
83013158
83013264
83013270
83013281
83013291
83013297
83013303
83013305
83013306
83013308
83013310
83013311
83013316
83013332
83013347
83013796
83013909
83013911
83013927
83013938
83013939
83013943
83013944
83013945
83013946
83013948
83013949
83013959
83013964
83014065
83014440
83014536
83014549
83014551
83014557
83014561
83014566
83014569
83014570
83014578
83014584
83014585
83014588
83014592
83014618
83015089
83015180
83015184
83015189
83015198
83015199
83015200
83015206
83015214
83015217
83015222
83015227
83015230
83015234
83015242
83015251
83015254
83015255
83015882
83015973
83015976
83015978
83015989
83015990
83015991
83016000
83016005
83016011
83016019
83016029
83016034
83016045
83016046
83016677
83016765
83016770
83016780
83016781
83016784
83016785
83016793
83016794
83016798
83016800
83016808
83016810
83016833
83016837
83017467
83017552
83017556
83017564
83017573
83017575
83017580
83017586
83017587
83017589
83017591
83017595
83017596
83017605
83017620
83017649
83018107
83018191
83018192
83018209
83018212
83018213
83018214
83018215
83018216
83018221
83018223
83018225
83018228
83018232
83018234
83018251
83018717
83018721
83018876
83018886
83018897
83018899
83018901
83018904
83018907
83018908
83018917
83018922
83018923
83018927
83019283
83019287
83019457
83019459
83019470
83019475
83019480
83019482
83019484
83019489
83019490
83019496
83019501
83019504
83019510
83019519
83019533
83020200
83020259
83020260
83020268
83020273
83020274
83020283
83020285
83020286
83020287
83020289
83020290
83020299
83020832
83020888
83020902
83020906
83020911
83020914
83020918
83020919
83020921
83020927
83020932
83020938
83020950
83021672
83021673
83021677
83021687
83021691
83021698
83021700
83021701
83021703
83021708
83021714
83021719
83021725
83022426
83022465
83022470
83022478
83022482
83022487
83022488
83022492
83022494
83022497
83022498
83022503
83022530
83023067
83023106
83023108
83023113
83023117
83023119
83023125
83023127
83023128
83023129
83023132
83023140
83023142
83023729
83023762
83023764
83023771
83023780
83023782
83023783
83023788
83023789
83023791
83023792
83024375
83024406
83024407
83024410
83024412
83024425
83024428
83024430
83024435
83024436
83024442
83024443
83024448
83024449
83024450
83024460
83025021
83025049
83025052
83025053
83025058
83025060
83025066
83025069
83025072
83025073
83025074
83025075
83025076
83025086
83025090
83025846
83025850
83025854
83025856
83025859
83025863
83025866
83025869
83025871
83025872
83026468
83026469
83026604
83026609
83026623
83026641
83026643
83026707
83026711
83026726
83026728
83026734
83026737
83026738
83026746
83026747
83027264
83027285
83027286
83027298
83027303
83027306
83027307
83027310
83027312
83027313
83027315
83027323
83027329
83027349
83027932
83027935
83027940
83027947
83027948
83027949
83027952
83027958
83027961
83027962
83027967
83027978
83027983
83027984
83027988
83028728
83028730
83028731
83028734
83028737
83028747
83028748
83028751
83028755
83028756
83028757
83028759
83028766
83028771
83029523
83029530
83029532
83029535
83029537
83029539
83029540
83029541
83029547
83029550
83029553
83029558
83029564
83030142
83030143
83030148
83030150
83030153
83030156
83030163
83030164
83030172
83030177
83030178
83030185
83030294
83030939
83030945
83030951
83030952
83030954
83030961
83030962
83030963
83030965
83030966
83030969
83030970
83030980
83030985
83030989
83030991
83031570
83031571
83031580
83031585
83031591
83031592
83031597
83031598
83031599
83031600
83031603
83031612
83031617
83031621
83031640
83032208
83032209
83032212
83032214
83032221
83032230
83032231
83032233
83032236
83032237
83032239
83032241
83032242
83032245
83032267
83033000
83033005
83033007
83033008
83033012
83033017
83033020
83033022
83033024
83033028
83033030
83033043
83033056
83033641
83033650
83033651
83033653
83033657
83033660
83033661
83033662
83033663
83033667
83033671
83033673
83033675
83033677
83033685
83033775
83033780
83034296
83034298
83034300
83034305
83034309
83034310
83034311
83034312
83034316
83034318
83034328
83034329
83034331
83034338
83035077
83035088
83035097
83035101
83035102
83035103
83035105
83035108
83035114
83035118
83035121
83035123
83035127
83035723
83035731
83035736
83035743
83035752
83035753
83035756
83035760
83035766
83035767
83035768
83036364
83036380
83036383
83036392
83036394
83036401
83036402
83036404
83036405
83036409
83036411
83036413
83036418
83036421
83036425
83036435
83037013
83037020
83037028
83037036
83037040
83037041
83037049
83037050
83037054
83037058
83037062
83037068
83037069
83037091
83037469
83037643
83037655
83037660
83037668
83037671
83037688
83037689
83037690
83037691
83037707
83038281
83038293
83038295
83038299
83038301
83038310
83038311
83038314
83038319
83038322
83038325
83038326
83038332
83038333
83038336
83039070
83039081
83039085
83039090
83039094
83039096
83039103
83039109
83039112
83039116
83039119
83039122
83039124
83039125
83039131
83039142
83039635
83039649
83039656
83039672
83039766
83039770
83039775
83039784
83039790
83039810
83039834
83040492
83040501
83040505
83040512
83040513
83040523
83040524
83040525
83040528
83040531
83040536
83040549
83040551
83040553
83040559
83040562
83040563
83041315
83041316
83041323
83041335
83041337
83041339
83041349
83041353
83041354
83041356
83041364
83041951
83041959
83041965
83041968
83041972
83041980
83041981
83041985
83041989
83041995
83041999
83042003
83042005
83042009
83042013
83042017
83042041
83042741
83042749
83042754
83042761
83042766
83042769
83042772
83042775
83042778
83042789
83042797
83042803
83042806
83042807
83042810
83042811
83043379
83043392
83043396
83043402
83043407
83043413
83043419
83043429
83043430
83043436
83043439
83043444
83043447
83043996
83044000
83044001
83044002
83044176
83044182
83044186
83044188
83044194
83044196
83044199
83044206
83044227
83044972
83044981
83044985
83044993
83044999
83045000
83045002
83045005
83045010
83045011
83045013
83045018
83045614
83045618
83045620
83045622
83045635
83045638
83045639
83045644
83045647
83045649
83045656
83045657
83045660
83045665
83045668
83045671
83046246
83046248
83046249
83046251
83046259
83046268
83046269
83046271
83046280
83046281
83046282
83046289
83046295
83046298
83046299
83046301
83046313
83046964
83047032
83047043
83047044
83047045
83047063
83047066
83047068
83047070
83047071
83047074
83047075
83047083
83047087
83047093
83047099
83047670
83047674
83047679
83047686
83047700
83047701
83047714
83047717
83047718
83047721
83047805
83048318
83048321
83048326
83048328
83048337
83048340
83048344
83048355
83048361
83048362
83048367
83048369
83048371
83048373
83048375
83048381
83048392
83048393
83049104
83049106
83049118
83049122
83049131
83049135
83049145
83049146
83049151
83049153
83049741
83049746
83049749
83049750
83049761
83049770
83049773
83049775
83049776
83049780
83049784
83049786
83049787
83049788
83049793
83049795
83049812
83050516
83050524
83050526
83050528
83050534
83050536
83050544
83050553
83050561
83050562
83050565
83050570
83050665
83050687
83051160
83051162
83051163
83051294
83051311
83051322
83051326
83051327
83051334
83051336
83051337
83051361
83051362
83051366
83051381
83051425
83052098
83052124
83052130
83052136
83052138
83052150
83052153
83052156
83052158
83052159
83052160
83052162
83052165
83052167
83052172
83052742
83052764
83052779
83052784
83052789
83052792
83052796
83052800
83052801
83052802
83052804
83052808
83052810
83052828
83053386
83053402
83053407
83053410
83053421
83053428
83053429
83053431
83053434
83053437
83053440
83053442
83053447
83053466
83054191
83054192
83054200
83054201
83054204
83054210
83054212
83054213
83054215
83054216
83054219
83054220
83054223
83054225
83054229
83054239
83054247
83054248
83054832
83054834
83054840
83054841
83054844
83054849
83054852
83054856
83054857
83054858
83054863
83054864
83054865
83054872
83054875
83054880
83054909
83054912
83055346
83055473
83055474
83055476
83055483
83055490
83055492
83055493
83055494
83055495
83055498
83055499
83055501
83055503
83055505
83055508
83055526
83056261
83056264
83056267
83056270
83056277
83056281
83056285
83056288
83056291
83056292
83056293
83056296
83056300
83056304
83056305
83056310
83056311
83056907
83056912
83056918
83056919
83056920
83056928
83056931
83056932
83056937
83056941
83056942
83056945
83056947
83056949
83056951
83056953
83056954
83056962
83056966
83057699
83057700
83057715
83057716
83057725
83057726
83057727
83057730
83057736
83057739
83057740
83057741
83057744
83057745
83057747
83057749
83058173
83058229
83058235
83058338
83058343
83058346
83058349
83058365
83058367
83058368
83058369
83058371
83058374
83058378
83058380
83058384
83058386
83058388
83058393
83058394
83058887
83058985
83058989
83058997
83058999
83059009
83059011
83059018
83059019
83059020
83059021
83059023
83059024
83059027
83059030
83059031
83059033
83059041
83059042
83059047
83059679
83059690
83059776
83059781
83059789
83059794
83059799
83059802
83059804
83059805
83059807
83059809
83059821
83059824
83059830
83060283
83060285
83060290
83060296
83060308
83060311
83060318
83060329
83060332
83060352
83060365
83060484
83060498
83060505
83060507
83060511
83060527
83060554
83060965
83060971
83061053
83061061
83061063
83061067
83061071
83061074
83061077
83061083
83061084
83061652
83061658
83061764
83061838
83061846
83061850
83061859
83061861
83061865
83061869
83061871
83061875
83061877
83061879
83061884
83061885
83061889
83062418
83062430
83062491
83062501
83062504
83062507
83062515
83062518
83062521
83062523
83062524
83062529
83062531
83062532
83062538
83062540
83062554
83063152
83063205
83063235
83063297
83063302
83063313
83063315
83063319
83063323
83063327
83063329
83063338
83063341
83063344
83063394
83063919
83063928
83063933
83063944
83063955
83063956
83063957
83063963
83063964
83063968
83063970
83063973
83063987
83063990
83064676
83064727
83064729
83064737
83064745
83064748
83064749
83064754
83064755
83064760
83064766
83064775
83064776
83064777
83064787
83064788
83065329
83065356
83065360
83065361
83065366
83065367
83065378
83065388
83065392
83065393
83065399
83065410
83065411
83065416
83065418
83065422
83065424
83065428
83065433
83065898
83065974
83066004
83066011
83066012
83066022
83066023
83066026
83066030
83066031
83066034
83066038
83066041
83066049
83066051
83066052
83066057
83066063
83066767
83066791
83066802
83066803
83066817
83066820
83066822
83066823
83066827
83066828
83066829
83066841
83067568
83067579
83067593
83067595
83067604
83067605
83067610
83067614
83067618
83067620
83067622
83067625
83067626
83067628
83067633
83067634
83067645
83067657
83068105
83068111
83068121
83068129
83068130
83068138
83068167
83068174
83068255
83068269
83068272
83068283
83068287
83068288
83068289
83068292
83068720
83068847
83068851
83068857
83068863
83068873
83068874
83068876
83068879
83068880
83068881
83068882
83068889
83068896
83069662
83069663
83069668
83069673
83069685
83069686
83069687
83069690
83069695
83069699
83069702
83069716
83070445
83070447
83070455
83070459
83070461
83070471
83070473
83070474
83070475
83070478
83070479
83070483
83070496
83070497
83070499
83070500
83070501
83070503
83070506
83071085
83071095
83071102
83071105
83071113
83071115
83071117
83071120
83071121
83071129
83071131
83071139
83071146
83071147
83071148
83071149
83071150
83071724
83071731
83071737
83071739
83071753
83071755
83071765
83071769
83071770
83071772
83071776
83071778
83071783
83071801
83072287
83072370
83072377
83072380
83072384
83072392
83072396
83072400
83072402
83072407
83072415
83072419
83072421
83072529
83072536
83073097
83073180
83073200
83073204
83073205
83073212
83073216
83073218
83073219
83073223
83073226
83073233
83073234
83073235
83073236
83073253
83073981
83073987
83073997
83073998
83074006
83074010
83074012
83074013
83074017
83074023
83074027
83074028
83074029
83074030
83074037
83074038
83074041
83074042
83074779
83074786
83074794
83074799
83074807
83074811
83074815
83074818
83074819
83074821
83074825
83074830
83074831
83074832
83074847
83075571
83075573
83075578
83075579
83075588
83075596
83075597
83075601
83075604
83075610
83075615
83075616
83075617
83075618
83075620
83075622
83075628
83075636
83076297
83076359
83076360
83076363
83076372
83076376
83076383
83076384
83076391
83076393
83076399
83076401
83076402
83076410
83076436
83077175
83077179
83077186
83077189
83077192
83077198
83077199
83077200
83077202
83077204
83077205
83077208
83077212
83077213
83077214
83077217
83077225
83077668
83077819
83077821
83077830
83077835
83077839
83077841
83077844
83077846
83077850
83077851
83077852
83077856
83077867
83077868
83078610
83078616
83078619
83078622
83078623
83078636
83078639
83078641
83078642
83078646
83078648
83078657
83078662
83079258
83079264
83079272
83079274
83079277
83079284
83079285
83079286
83079287
83079289
83079292
83079293
83079299
83079309
83079711
83079712
83079714
83079717
83079889
83079905
83079908
83079909
83079912
83079922
83079926
83079932
83079989
83080544
83080549
83080557
83080558
83080559
83080562
83080568
83080571
83080573
83080575
83080577
83080578
83080579
83080580
83080581
83080582
83080591
83080603
83081199
83081209
83081210
83081211
83081212
83081213
83081222
83081227
83081231
83081234
83081240
83081241
83081242
83081243
83081244
83081996
83082015
83082017
83082018
83082022
83082026
83082028
83082030
83082031
83082032
83082033
83082034
83082035
83082039
83082045
83082052
83082053
83082056
83082073
83082699
83082798
83082808
83082818
83082821
83082822
83082835
83082836
83082837
83082838
83082839
83082841
83082842
83082844
83082846
83082859
83083431
83083434
83083440
83083443
83083456
83083461
83083462
83083465
83083466
83083472
83084253
83084259
83084277
83084278
83084280
83084281
83084282
83084318
83084327
83084328
83084330
83084333
83084338
83084342
83084353
83084356
83084898
83084905
83084917
83084918
83084925
83084936
83084937
83084942
83084943
83084947
83084950
83084957
83084960
83084961
83084962
83084964
83085546
83085552
83085560
83085565
83085582
83085587
83085589
83085590
83085592
83085600
83085603
83085605
83085610
83085627
83086194
83086200
83086206
83086209
83086225
83086231
83086232
83086234
83086237
83086239
83086241
83086245
83086250
83086254
83086986
83086998
83086999
83087000
83087004
83087016
83087024
83087042
83087046
83087063
83087074
83087632
83087639
83087657
83087658
83087663
83087665
83087666
83087670
83087671
83087680
83087682
83087687
83088278
83088288
83088297
83088304
83088309
83088313
83088323
83088324
83088336
83088339
83088354
83088936
83088945
83088951
83088960
83088969
83088973
83088983
83088986
83088990
83089732
83089742
83089745
83089764
83089770
83089772
83089773
83089778
83089779
83089782
83089791
83090275
83090363
83090374
83090375
83090377
83090381
83090390
83090404
83090417
83090428
83090484
83091085
83091191
83091197
83091203
83091212
83091214
83091217
83091219
83091221
83091234
83091237
83091595
83091746
83091830
83091839
83091847
83091848
83091857
83091861
83091862
83091875
83091876
83091880
83091881
83092396
83092607
83092616
83092626
83092631
83092634
83092643
83092662
83092664
83092667
83092668
83092676
83092680
83092692
83093066
83093262
83093277
83093282
83093301
83093305
83093306
83093307
83093309
83093312
83093316
83093318
83093329
83093330
83093848
83094063
83094070
83094077
83094084
83094093
83094096
83094099
83094100
83094101
83094115
83094154
83094168
83094511
83094656
83094731
83094736
83094737
83094744
83094754
83094759
83094766
83094774
83094775
83094777
83094813
83095309
83095524
83095534
83095543
83095552
83095555
83095557
83095560
83095566
83095578
83095957
83096169
83096179
83096188
83096189
83096200
83096209
83096756
83096965
83096971
83096982
83096983
83096989
83096995
83096999
83097001
83097003
83097004
83097044
83097405
83097619
83097629
83097633
83097643
83097653
83097664
83097668
83097671
83098114
83098319
83098328
83098329
83098339
83098340
83098350
83098353
83098355
83098365
83098922
83099119
83099122
83099127
83099140
83099150
83099153
83099155
83099589
83099785
83099786
83099797
83099804
83099808
83099816
83099824
83099826
83099833
83100256
83100402
83100432
83100437
83100452
83100456
83100462
83100482
83100493
83100495
83100501
83100997
83101152
83101155
83101189
83101191
83101193
83101198
83101199
83101524
83101604
83101663
83101818
83101819
83101837
83101844
83101851
83101867
83101872
83101892
83101896
83102372
83102378
83102505
83102507
83102529
83102536
83102538
83102550
83102577
83103084
83103227
83103354
83103361
83103377
83103383
83103390
83103400
83103411
83103437
83103912
83104174
83104176
83104185
83104203
83104776
83104895
83104897
83104904
83104916
83104919
83104937
83104964
83105476
83105582
83105585
83105592
83105599
83105603
83105616
83105655
83106264
83106268
83106280
83106288
83106307
83106326
83106985
83106994
83107011
83107017
83107026
83107065
83107520
83107711
83107791
83107796
83107817
83107829
83107830
83107883
83108633
83108641
83108659
83108672
83108677
83108686
83108717
83108729
83108734
83109521
83109561
83109564
83109573
83109600
83109619
83109629
83110153
83110213
83110233
83110237
83110245
83110266
83110846
83110886
83110889
83110895
83110920
83110925
83110933
83111410
83111549
83111554
83111558
83111576
83111577
83111592
83111606
83111624
83111652
83111658
83112230
83112234
83112237
83112251
83112253
83112257
83112270
83113049
83113051
83113053
83113069
83113074
83113076
83113083
83113100
83113698
83113717
83113718
83113742
83113744
83113746
83113749
83113798
83114363
83114366
83114392
83114396
83114402
83114405
83114434
83115192
83115193
83115222
83115225
83115229
83115230
83115233
83115237
83115242
83115281
83115938
83115962
83115963
83115979
83115982
83115993
83115994
83116000
83116037
83116761
83116765
83116792
83116794
83116796
83116804
83116805
83116806
83116810
83116820
83116865
83117623
83117630
83117631
83117648
83117654
83117659
83117663
83117664
83117668
83118436
83118442
83118445
83118465
83118467
83118480
83118481
83118483
83118487
83118499
83119290
83119291
83119298
83119315
83119321
83119323
83119326
83119328
83119337
83119342
83119350
83120094
83120099
83120103
83120115
83120116
83120123
83120124
83120128
83120136
83120147
83120721
83120731
83120737
83120739
83120741
83120749
83120750
83120765
83120772
83120793
83121532
83121539
83121545
83121566
83121567
83121572
83121573
83121583
83121586
83121598
83122357
83122358
83122368
83122391
83122393
83122400
83122401
83122403
83122446
83123033
83123042
83123066
83123072
83123075
83123078
83123079
83123081
83123085
83123113
83123733
83123836
83123846
83123851
83123866
83123876
83123886
83123891
83123892
83123898
83123905
83123976
83124498
83124502
83124506
83124524
83124529
83124537
83124542
83124555
83124556
83125302
83125313
83125317
83125331
83125333
83125336
83125349
83125372
83126170
83126172
83126199
83126201
83126213
83126962
83126968
83126974
83127002
83127008
83127013
83127019
83127023
83127037
83127762
83127772
83127774
83127799
83127805
83127806
83127807
83127813
83127819
83127832
83127842
83128398
83128426
83128433
83128442
83128455
83128510
83128512
83128519
83128574
83129071
83129074
83129076
83129097
83129103
83129107
83129117
83129123
83129127
83129128
83129132
83129137
83129861
83129863
83129868
83129889
83129892
83129897
83129904
83129922
83129925
83129928
83130638
83130643
83130645
83130666
83130668
83130672
83130682
83130692
83130712
83131426
83131429
83131432
83131449
83131451
83131455
83131463
83131472
83131480
83131482
83131492
83132041
83132062
83132064
83132065
83132076
83132077
83132083
83132084
83132086
83132265
83132821
83132841
83132842
83132843
83132871
83132874
83132875
83132877
83132878
83132890
83133560
83133666
83133755
83133774
83133781
83133789
83133797
83133802
83134307
83134308
83134325
83134334
83134344
83134347
83135145
83135146
83135166
83135170
83135179
83135183
83135187
83135208
83135772
83135773
83135790
83135803
83135804
83135805
83135808
83135812
83135997
83136014
83136566
83136571
83136583
83136584
83136588
83136591
83136594
83136596
83136601
83136609
83137350
83137353
83137361
83137368
83137370
83137373
83137376
83137377
83137378
83138139
83138144
83138147
83138163
83138165
83138179
83138181
83138187
83138193
83138215
83138234
83138244
83138245
83138838
83138848
83138855
83138861
83138864
83138867
83138875
83138876
83139482
83139487
83139496
83139499
83139500
83139508
83139511
83139516
83139519
83139527
83140091
83140096
83140109
83140110
83140112
83140115
83140118
83140123
83140748
83140755
83140760
83140770
83140776
83140780
83140782
83140784
83140788
83140792
83140794
83140797
83141316
83141417
83141419
83141436
83141437
83141441
83141446
83141447
83141448
83141449
83141465
83142154
83142213
83142216
83142224
83142239
83142243
83142248
83142253
83142256
83142257
83142258
83142265
83143044
83143057
83143058
83143061
83143062
83143066
83143074
83143092
83143106
83143153
83143155
83143933
83143941
83143954
83143962
83143963
83143969
83143971
83143972
83143985
83144573
83144641
83144649
83144657
83144660
83144673
83144674
83144677
83144678
83144679
83144688
83144691
83145300
83145304
83145310
83145315
83145320
83145321
83145324
83145327
83145337
83145342
83146106
83146107
83146117
83146119
83146120
83146122
83146128
83146129
83146141
83146156
83146695
83146727
83146759
83146760
83146769
83146773
83146775
83146777
83146778
83146779
83146781
83146793
83146794
83146800
83146802
83147416
83147419
83147432
83147438
83147443
83147446
83147454
83148170
83148222
83148226
83148227
83148229
83148239
83148240
83148243
83148244
83148246
83148249
83148253
83148262
83148265
83148873
83148907
83148925
83148926
83148927
83148928
83148941
83148944
83148945
83148958
83149733
83149741
83149742
83149744
83149751
83149752
83149756
83149757
83149759
83149760
83149762
83150377
83150382
83150383
83150392
83150395
83150397
83150398
83150399
83150402
83150403
83150405
83150406
83150417
83150995
83151040
83151043
83151044
83151052
83151056
83151058
83151059
83151061
83151066
83151657
83151689
83151694
83151696
83151712
83151714
83151715
83151716
83151738
83152351
83152364
83152371
83152374
83152375
83152380
83152384
83152393
83152395
83153249
83153251
83153254
83153259
83153266
83153268
83153269
83153271
83153273
83153277
83153278
83153280
83153281
83153282
83153285
83153287
83153288
83153896
83153904
83153908
83153910
83153912
83153913
83153914
83153920
83153928
83153932
83154550
83154560
83154562
83154563
83154564
83154565
83154569
83154570
83154571
83154573
83154575
83154577
83154583
83154602
83155175
83155188
83155194
83155198
83155202
83155203
83155204
83155206
83155207
83155208
83155210
83155213
83155217
83155219
83155220
83155221
83155969
83155974
83155978
83155988
83155989
83155992
83155994
83155996
83155998
83156000
83156003
83156017
83156607
83156608
83156619
83156620
83156621
83156622
83156626
83156631
83156633
83156640
83156646
83156650
83156651
83157229
83157234
83157236
83157242
83157243
83157244
83157251
83158014
83158024
83158028
83158030
83158031
83158034
83158035
83158038
83158040
83158041
83158042
83158059
83158702
83158704
83158710
83158711
83158713
83158716
83158717
83158719
83158721
83158724
83158733
83158739
83159487
83159491
83159495
83159496
83159500
83159502
83159508
83159509
83159511
83159512
83159524
83159529
83159530
83160124
83160126
83160129
83160133
83160138
83160139
83160140
83160142
83160143
83160146
83160147
83160149
83160155
83160916
83160917
83160923
83160925
83160926
83160931
83160932
83160936
83160937
83160938
83160939
83160940
83160941
83160956
83160962
83161705
83161710
83161714
83161716
83161717
83161718
83161720
83161721
83161722
83161723
83161724
83161728
83161730
83161732
83161735
83161737
83161771
83162568
83162570
83162574
83162584
83162585
83162588
83162589
83162590
83162594
83162605
83162608
83162612
83162661
83163211
83163217
83163220
83163223
83163224
83163225
83163226
83163229
83163231
83163232
83163235
83163238
83163247
83164005
83164008
83164011
83164012
83164013
83164014
83164015
83164017
83164019
83164021
83164022
83164024
83164635
83164643
83164644
83164650
83164651
83164652
83164654
83164655
83164656
83164657
83164659
83164660
83164663
83164671
83164676
83165468
83165476
83165479
83165483
83165484
83165485
83165493
83165494
83165496
83165497
83165502
83165506
83165516
83166258
83166263
83166268
83166272
83166273
83166274
83166280
83166281
83166284
83166286
83166294
83166295
83166898
83166902
83166903
83166909
83166914
83166916
83166918
83166920
83166921
83166924
83166927
83166930
83167544
83167549
83167551
83167555
83167556
83167558
83167559
83167564
83167565
83167566
83167568
83167569
83167573
83167588
83167593
83167646
83168185
83168191
83168192
83168196
83168198
83168202
83168204
83168205
83168208
83168215
83168221
83168222
83168826
83168830
83168831
83168836
83168839
83168840
83168842
83168843
83168851
83168853
83168860
83168865
83169390
83169460
83169462
83169465
83169470
83169471
83169472
83169476
83169477
83169479
83169480
83169483
83169507
83169731
83169734
83170107
83170112
83170113
83170114
83170116
83170118
83170119
83170120
83170121
83170125
83170127
83170129
83170132
83170142
83170144
83170152
83170154
83170155
83170157
83170897
83170906
83170907
83170911
83170913
83170914
83170915
83170917
83170918
83170919
83170926
83171635
83171642
83171645
83171646
83171647
83171649
83171650
83171654
83171658
83171659
83171662
83172277
83172278
83172282
83172284
83172286
83172287
83172288
83172289
83172294
83172296
83172304
83172306
83172309
83172967
83172975
83172977
83172979
83172981
83172983
83172985
83172986
83172987
83172988
83172989
83172990
83172992
83173024
83173608
83173613
83173615
83173616
83173618
83173620
83173621
83173624
83173625
83173626
83173628
83173629
83173630
83173632
83173635
83173637
83174247
83174252
83174254
83174255
83174256
83174260
83174261
83174262
83174264
83174265
83174268
83174269
83174272
83174277
83174283
83174288
83175034
83175047
83175049
83175050
83175052
83175055
83175057
83175060
83175063
83175065
83175067
83175839
83175840
83175841
83175843
83175848
83175849
83175851
83175852
83175854
83175857
83175860
83176530
83176536
83176617
83176619
83176620
83176622
83176623
83176624
83176626
83176628
83176630
83176631
83176632
83176635
83176643
83176664
83177452
83177459
83177462
83177463
83177466
83177468
83177469
83177471
83177474
83177475
83177476
83177479
83177485
83177490
83178091
83178095
83178103
83178105
83178107
83178108
83178109
83178110
83178112
83178113
83178115
83178117
83178118
83178735
83178743
83178745
83178746
83178748
83178749
83178750
83178751
83178753
83178755
83178758
83178764
83178770
83179542
83179544
83179547
83179548
83179551
83179554
83179556
83179558
83179560
83179561
83179567
83179570
83179573
83179582
83179596
83180318
83180326
83180330
83180334
83180335
83180339
83180340
83180341
83180342
83180348
83180977
83180979
83180984
83180985
83180987
83180988
83180990
83180991
83180993
83180995
83180996
83180997
83180999
83181009
83181766
83181767
83181770
83181771
83181782
83181785
83181788
83181790
83181791
83181792
83181794
83182570
83182571
83182574
83182576
83182577
83182578
83182579
83182581
83182582
83182587
83182590
83182595
83182599
83182600
83182607
83183215
83183219
83183222
83183223
83183224
83183228
83183229
83183232
83183235
83183236
83184001
83184011
83184020
83184024
83184025
83184034
83184042
83184046
83184055
83184056
83184081
83184806
83184812
83184815
83184819
83184821
83184823
83184826
83184829
83184831
83184833
83184851
83184855
83184856
83185600
83185604
83185608
83185609
83185611
83185615
83185617
83185618
83185619
83185620
83185624
83185627
83185629
83186251
83186256
83186257
83186258
83186267
83186268
83186269
83186272
83186273
83186274
83186275
83186278
83186279
83186280
83186466
83187039
83187044
83187046
83187048
83187049
83187052
83187053
83187054
83187057
83187059
83187062
83187063
83187065
83187079
83187884
83187891
83187892
83187898
83187899
83187905
83187908
83187909
83187910
83187911
83187912
83188535
83188536
83188537
83188544
83188547
83188548
83188552
83188554
83188559
83188566
83188567
83188593
83189186
83189187
83189188
83189189
83189191
83189194
83189198
83189199
83189200
83189210
83189215
83189819
83189825
83189827
83189828
83189829
83189830
83189835
83189836
83189837
83189839
83189840
83189866
88151473
88151595
88151603
88151605
88151606
88151609
88151612
88151617
88151618
88151619
88151622
88151623
88151625
88151627
88151628
88151629
88151631
88151635
88151642
88151647
88151663
88152021
88152025
88152040
88152149
88152151
88152160
88152161
88152163
88152164
88152170
88152171
88152175
88152177
88152179
88152208
88152286
88152563
88152574
88152679
88152683
88152686
88152687
88152688
88152689
88152691
88152692
88152694
88152696
88152699
88152701
88152702
88152707
88152709
88152710
88152717
88152719
88152722
88152725
88152733
88152754
88153082
88153102
88153109
88153214
88153222
88153225
88153226
88153227
88153229
88153231
88153233
88153234
88153235
88153237
88153243
88153244
88153246
88153252
88153256
88153257
88153260
88153269
88153620
88153638
88153742
88153746
88153748
88153749
88153750
88153752
88153756
88153757
88153759
88153760
88153763
88153765
88153766
88153767
88153768
88153771
88153774
88153778
88153779
88153790
88153796
88153889
88154164
88154193
88154272
88154279
88154280
88154283
88154284
88154289
88154290
88154292
88154295
88154296
88154298
88154299
88154304
88154306
88154307
88154309
88154314
88154318
88154329
88154331
88154355
88154395
88154687
88154713
88154717
88154752
88154795
88154797
88154798
88154799
88154800
88154804
88154805
88154806
88154813
88154817
88154827
88154833
88154837
88154846
88154860
88154878
88154885
88154898
88154909
88154912
88154919
88154925
88155265
88155283
88155286
88155335
88155337
88155340
88155347
88155350
88155351
88155353
88155356
88155359
88155360
88155366
88155367
88155368
88155369
88155376
88155392
88155410
88155683
88155775
88155786
88155795
88155829
88155874
88155875
88155879
88155881
88155883
88155884
88155886
88155888
88155889
88155891
88155892
88155893
88155899
88155904
88155926
88155935
88155953
88155981
88156231
88156329
88156412
88156417
88156420
88156423
88156424
88156426
88156427
88156429
88156431
88156432
88156434
88156435
88156439
88156440
88156442
88156444
88156445
88156450
88156451
88156452
88156479
88156500
88156554
88156881
88156991
88156997
88157002
88157003
88157007
88157008
88157009
88157010
88157013
88157017
88157019
88157020
88157023
88157027
88157029
88157057
88157337
88157401
88157435
88157527
88157529
88157530
88157531
88157532
88157533
88157534
88157535
88157536
88157541
88157542
88157543
88157545
88157548
88157549
88157550
88157551
88157552
88157553
88157554
88157556
88157567
88157576
88157958
88157970
88157985
88158059
88158062
88158065
88158069
88158070
88158071
88158073
88158074
88158075
88158076
88158077
88158078
88158079
88158080
88158083
88158092
88158095
88158110
88158126
88158469
88158506
88158585
88158589
88158596
88158597
88158602
88158603
88158604
88158605
88158607
88158610
88158612
88158614
88158616
88158618
88158620
88158628
88158686
88158869
88158928
88159014
88159038
88159048
88159118
88159120
88159123
88159124
88159134
88159135
88159136
88159141
88159142
88159143
88159144
88159146
88159149
88159158
88159167
88159186
88159194
88159213
88159545
88159575
88159582
88159619
88159639
88159640
88159643
88159644
88159647
88159652
88159655
88159660
88159661
88159662
88159663
88159665
88159666
88159667
88159682
88159693
88159719
88159758
88159928
88160068
88160102
88160110
88160166
88160170
88160171
88160172
88160175
88160176
88160179
88160181
88160186
88160190
88160191
88160192
88160193
88160194
88160195
88160200
88160226
88160278
88160639
88160720
88160739
88160745
88160746
88160747
88160748
88160749
88160753
88160754
88160756
88160757
88160769
88160770
88160803
88160808
88160816
88161072
88161178
88161200
88161273
88161275
88161277
88161284
88161288
88161289
88161292
88161293
88161295
88161309
88161311
88161332
88161594
88161707
88161722
88161730
88161771
88161793
88161795
88161796
88161801
88161802
88161803
88161804
88161809
88161811
88161844
88162238
88162252
88162255
88162326
88162327
88162328
88162329
88162332
88162333
88162368
88162390
88162395
88162654
88162782
88162792
88162855
88162860
88162861
88162864
88162865
88162866
88162871
88162936
88163314
88163388
88163392
88163395
88163396
88163405
88163695
88163837
88163844
88163852
88163918
88163919
88163921
88163923
88163937
88164326
88164414
88164482
88164484
88164487
88164488
88164494
88164497
88164545
88164932
88164945
88164955
88165020
88165023
88165025
88165029
88165031
88165075
88165317
88165465
88165480
88165484
88165554
88165558
88165561
88165578
88165843
88165994
88166005
88166070
88166077
88166094
88166097
88166380
88166521
88166531
88166595
88166600
88166904
88167058
88167067
88167131
88167140
88167416
88167569
88167585
88167675
88168103
88168110
88168115
88168520
88168666
88168694
88168755
88169198
88169213
88169290
88169596
88169736
88169750
88169825
88169837
88170123
88170257
88170265
88170328
88170387
88170774
88170789
88170890
88171237
88171305
88171332
88171340
88171404
88171853
88171910
88172287
88172324
88172352
88172405
88172430
88172470
88172479
88172812
88172867
88172880
88172962
88173006
88173358
88173412
88173500
88173532
88173562
88174006
88174034
88174082
88174087
88174417
88174601
88174617
88174620
88174881
88174928
88175002
88175064
88175078
88175546
88175597
88175831
88175945
88176116
88176353
88176473
88176522
88176639
88176670
88176996
88177051
88177158
88177203
88177416
88177526
88177575
88177671
88177729
88177730
88177971
88178146
88178240
88178241
88178509
88178626
88178778
88178786
88178802
88178803
88179042
88179184
88179274
88179285
88179286
88179575
88179819
88179841
88179845
88180121
88180235
88180295
88180389
88180642
88180653
88180822
88180829
88180920
88180921
88181405
88181414
88181855
88181966
88181971
88182385
88182451
88182485
88182522
88182804
88182985
88182997
88183028
88183047
88183388
88183542
88183563
88183607
88183912
88184045
88184062
88184099
88184143
88184432
88184516
88184531
88184587
88184590
88184593
88184614
88184615
88184620
88184627
88184819
88185088
88185103
88185105
88185126
88185353
88185355
88185589
88185608
88185612
88185640
88185662
88185687
88185690
88185698
88185890
88186016
88186112
88186123
88186177
88186178
88186183
88186192
88186408
88186640
88186642
88186643
88186670
88186677
88187176
88187180
88187210
88187227
88187237
88187503
88187513
88187736
88187742
88187747
88187799
88187804
88187819
88188039
88188263
88188272
88188276
88188319
88188344
88188579
88188585
88188795
88188798
88188816
88188881
88189121
88189125
88189326
88189333
88189335
88189413
88189416
88189427
88189430
88189659
88189899
88189944
88189961
88190182
88190385
88190396
88190414
88190455
88190458
88190487
88190488
88190720
88190730
88190731
88190839
88190927
88190966
88191000
88191005
88191255
88191377
88191434
88191436
88191459
88191461
88191502
88191506
88191512
88191513
88191765
88191944
88191945
88191958
88191988
88192013
88192025
88192031
88192040
88192311
88192325
88192445
88192485
88192500
88192549
88192550
88192575
88192583
88192838
88192856
88193019
88193068
88193105
88193372
88193496
88193547
88193551
88193629
88193935
88193957
88194064
88194135
88194154
88194158
88194186
88194192
88194473
88194496
88194637
88194661
88194668
88194994
88194998
88195010
88195221
88195508
88195511
88195517
88195520
88195542
88195657
88195680
88195735
88195752
88196055
88196077
88196084
88196166
88196259
88196298
88196625
88196729
88196752
88196812
88197054
88197139
88197261
88197316
88197330
88197625
88197815
88197829
88197860
88197906
88198229
88198230
88198362
88198372
88198412
88198447
88198698
88198767
88198775
88198893
88198970
88199231
88199324
88199435
88199483
88199849
88199861
88200003
88200027
88200305
88200389
88200522
88200529
88200900
88200903
88201040
88201072
88201079
88201358
88201430
88201441
88201546
88201583
88201592
88201604
88201882
88201950
88201959
88202087
88202097
88202129
88202484
88202485
88202632
88202640
88202656
88203061
88203071
88203168
88203519
88203591
88203680
88203729
88203954
88204103
88204111
88204116
88204121
88204229
88204232
88204644
88204771
88204792
88204990
88205100
88205178
88205184
88205283
88205629
88205717
88205803
88205834
88206252
88206332
88206352
88206695
88206776
88206818
88206895
88207307
88207355
88207395
88207692
88207759
88207854
88207887
88207899
88207928
88208293
88208483
88208966
88209048
88209049
88209217
88209398
88209450
88209472
88209752
88209913
88209980
88209985
88209993
88210091
88210362
88210517
88210571
88210602
88210782
88210789
88210813
88210975
88211039
88211042
88211123
88211141
88211145
88211317
88211432
88211504
88211566
88211631
88211633
88211653
88211861
88211979
88212059
88212098
88212110
88212377
88212393
88212501
88212588
88212701
88212719
88212911
88212929
88213008
88213119
88213164
88213244
88213446
88213509
88213585
88213655
88213695
88213749
88214146
88214224
88214255
88214558
88214617
88214700
88214765
88214806
88214843
88215227
88215306
88215335
88215619
88215883
88216170
88216187
88216387
88216447
88216629
88216767
88216839
88216960
88217155
88217256
88217471
88217476
88217707
88217775
88217824
88218230
88218280
88218330
88218420
88218566
88218761
88218875
88219285
88219334
88219398
88219480
88219811
88219853
88219922
88219929
88219936
88220005
88220136
88220372
88220415
88220489
88220501
88220566
88220579
88220644
88220918
88220948
88221020
88221044
88221448
88221484
88221556
88221628
88221642
88221963
88221972
88222012
88222101
88222107
88222116
88222146
88222505
88222536
88222684
88222688
88222705
88222775
88223005
88223028
88223088
88223236
88223249
88223547
88223586
88223611
88223673
88223774
88223785
88224076
88224112
88224145
88224309
88224605
88224618
88224638
88224669
88224733
88224901
88225122
88225199
88225258
88225295
88225659
88225691
88225729
88225947
88226206
88226223
88226226
88226299
88226350
88226358
88226787
88226818
88227281
88227309
88227338
88227532
88227555
88227763
88227840
88227871
88227930
88228298
88228318
88228351
88228384
88228832
88228860
88228898
88228919
88229115
88229425
88229442
88229510
88229554
88229958
88229967
88230033
88230163
88230176
88230489
88230984
88231046
88231083
88231100
88231155
88231229
88231494
88231630
88231714
88232061
88232091
88232155
88232228
88232244
88232587
88232593
88232614
88232676
88232793
88233111
88233113
88233128
88233205
88233591
88233654
88233660
88233725
88233731
88234150
88234175
88234199
88234299
88234305
88234701
88234736
88235253
88235256
88235276
88235386
88235388
88235391
88235402
88235432
88235726
88235753
88235775
88235777
88235793
88235893
88236316
88236446
88236851
88236861
88237327
88237390
88237501
88237853
88237920
88238388
88238450
88238455
88238542
88238923
88238973
88238981
88238995
88238996
88239078
88239095
88239132
88239520
88239981
88240015
88240045
88240050
88240175
88240538
88240561
88240684
88241091
88241127
88241131
88241198
88241504
88241659
88241728
88241745
88241781
88241784
88242181
88242197
88242693
88242714
88242818
88243217
88243287
88243841
88244265
88244301
88244351
88244363
88244393
88244571
88244832
88244884
88244909
88245110
88245349
88245371
88245640
88245806
88245909
88245949
88245959
88245961
88246417
88246420
88246482
88246752
88246981
88246984
88247030
88247033
88247272
88247500
88247537
88247563
88247832
88248069
88248366
88248549
88248552
88248589
88248607
88248883
88248911
88249411
88249586
88249590
88249655
88249669
88249940
88250107
88250109
88250170
88250187
88250465
88250623
88250634
88250644
88251173
88251191
88251555
88251700
88251717
88251797
88252238
88252245
88252299
88252305
88252308
88252333
88252344
88252637
88252758
88252759
88252819
88252837
88252856
88252864
88253137
88253272
88253320
88253339
88253357
88253358
88253365
88253367
88253380
88253689
88253796
88253821
88253846
88253875
88253885
88254184
88254307
88254317
88254377
88254404
88254702
88254830
88254832
88254917
88254919
88254923
88255239
88255361
88255365
88255647
88255781
88255893
88255899
88255975
88256172
88256417
88256424
88256504
88256525
88256717
88256965
88257069
88257253
88257491
88257927
88258068
88258109
88258299
88258452
88258549
88258596
88258615
88258841
88258974
88259089
88259160
88259161
88259523
88259661
88260140
88260223
88260674
88260938
88261097
88261135
88261201
88261266
88261279
88261481
88261668
88261733
88262193
88262271
88262300
88262519
88262783
88262820
88263227
88263330
88263584
88263593
88263641
88263861
88264291
88264404
88264743
88264756
88264972
88265223
88265274
88265287
88265426
88265816
88265910
88265962
88266013
88266032
88266329
88266353
88266452
88266539
88266836
88266862
88266891
88266988
88267036
88267404
88267539
88267584
88267625
88268144
88268465
88268476
88268497
88268514
88268614
88269044
88269146
88269558
88269580
88269687
88270074
88270125
88270215
88270542
88270649
88270667
88270752
88270786
88271103
88271175
88271193
88271299
88271325
88271718
88272144
88272229
88272266
88272674
88272727
88272753
88272777
88272790
88272810
88273276
88273298
88273308
88273404
88273767
88273820
88273830
88273876
88273885
88273963
88273973
88274160
88274228
88274297
88274302
88274361
88274374
88274408
88274428
88274706
88274852
88274917
88274961
88274975
88275229
88275396
88275463
88275503
88275516
88275797
88275927
88275974
88276044
88276327
88276362
88276480
88276527
88276586
88276592
88276868
88276925
88277022
88277078
88277120
88277129
88277379
88277410
88277454
88277557
88277614
88277668
88277970
88278092
88278149
88278193
88278216
88278254
88278456
88278479
88278502
88278632
88278680
88278685
88278734
88278748
88278981
88279004
88279019
88279075
88279518
88279534
88279549
88279595
88279697
88279717
88279724
88279779
88280043
88280071
88280083
88280087
88280166
88280233
88280253
88280276
88280568
88280581
88280592
88280625
88280767
88280777
88280823
88281112
88281132
88281143
88281157
88281294
88281318
88281675
88281782
88281833
88281870
88281891
88281931
88282164
88282185
88282349
88282374
88282398
88282440
88282678
88282718
88282733
88282965
88283216
88283232
88283252
88283263
88283374
88283406
88283437
88283752
88283792
88283867
88283924
88283951
88283965
88284276
88284293
88284301
88284320
88284411
88284430
88284813
88284828
88284851
88284947
88284986
88285275
88285348
88285351
88285383
88285559
88285572
88285598
88285849
88285882
88285914
88285958
88286010
88286053
88286365
88286403
88286429
88286530
88286581
88286611
88286633
88286657
88286928
88286967
88287179
88287412
88287449
88287488
88287544
88287696
88287943
88287982
88287988
88288016
88288092
88288547
88288607
88288695
88288731
88289140
88289166
88289212
88289276
88289377
88289412
88289703
88289730
88289732
88289807
88290187
88290211
88290336
88290691
88290739
88290781
88290825
88290913
88291239
88291258
88291327
88291370
88291693
88291765
88291779
88291828
88291835
88291853
88291881
88291978
88292283
88292292
88292793
88292817
88292864
88292871
88292977
88293249
88293333
88293502
88293520
88293772
88293851
88293917
88293979
88294079
88294334
88294420
88294508
88294596
88294597
88294804
88294854
88294880
88294944
88294948
88294971
88295016
88295038
88295053
88295080
88295359
88295387
88295464
88295466
88295491
88295589
88295593
88295598
88295625
88295884
88295910
88295968
88295981
88296105
88296149
88296414
88296452
88296507
88296523
88296574
88296627
88296629
88296944
88296970
88297035
88297036
88297175
88297181
88297204
88297470
88297550
88297552
88298050
88298059
88298128
88298570
88298654
88298658
88299080
88299092
88299168
88299243
88299304
88299587
88299615
88299686
88299691
88299811
88300124
88300130
88300207
88300220
88300350
88300642
88300654
88300762
88301154
88301177
88301278
88301384
88301393
88301569
88301667
88301696
88301828
88301901
88302191
88302205
88302284
88302290
88302305
88302388
88302416
88302695
88302734
88302795
88302837
88302864
88302879
88302948
88303246
88303266
88303309
88303395
88303397
88303772
88303789
88303829
88303986
88304352
88304411
88304445
88304454
88304531
88304570
88304577
88304580
88304942
88304994
88305015
88305110
88305122
88305392
88305427
88305454
88305511
88305543
88305564
88305587
88305589
88305626
88305941
88305953
88305974
88306019
88306023
88306080
88306105
88306484
88306527
88306538
88306571
88306622
88306625
88306644
88306681
88306887
88306995
88306996
88307005
88307030
88307061
88307091
88307120
88307497
88307517
88307527
88307594
88307609
88307647
88307649
88307652
88307671
88307674
88307684
88308026
88308037
88308041
88308055
88308113
88308124
88308132
88308139
88308146
88308152
88308464
88308559
88308561
88308566
88308577
88308674
88308680
88308696
88308714
88308740
88309073
88309080
88309093
88309095
88309113
88309178
88309179
88309217
88309258
88309266
88309271
88309285
88309580
88309597
88309604
88309611
88309614
88309616
88309640
88309648
88309680
88309713
88309793
88310113
88310116
88310117
88310127
88310134
88310152
88310162
88310172
88310190
88310205
88310214
88310221
88310239
88310248
88310278
88310281
88310300
88310310
88310630
88310631
88310633
88310638
88310642
88310646
88310647
88310648
88310655
88310658
88310666
88310697
88310698
88310726
88310744
88310750
88310759
88310787
88310807
88310821
88311151
88311152
88311154
88311155
88311157
88311159
88311161
88311164
88311165
88311166
88311167
88311168
88311172
88311189
88311214
88311286
88311295
88311304
88311312
88311314
88311340
88311351
88311353
88311663
88311665
88311668
88311670
88311671
88311676
88311677
88311681
88311687
88311714
88311724
88311745
88311748
88311805
88311838
88311868
88312239
88312244
88312248
88312251
88312254
88312258
88312260
88312261
88312264
88312265
88312267
88312268
88312282
88312291
88312304
88312316
88312326
88312330
88312332
88312398
88312430
88312754
88312764
88312768
88312771
88312775
88312776
88312777
88312783
88312785
88312790
88312802
88312819
88312842
88312902
88312941
88313279
88313284
88313289
88313293
88313301
88313305
88313306
88313307
88313309
88313310
88313311
88313312
88313317
88313322
88313328
88313338
88313344
88313362
88313379
88313433
88313448
88313499
88313788
88313790
88313792
88313800
88313802
88313807
88313811
88313812
88313814
88313816
88313821
88313822
88313823
88313825
88313827
88313829
88313841
88313857
88313859
88313906
88313976
88313977
88314283
88314296
88314303
88314304
88314306
88314308
88314317
88314321
88314322
88314324
88314327
88314330
88314332
88314346
88314348
88314360
88314373
88314377
88314385
88314394
88314413
88314444
88314459
88314804
88314806
88314819
88314821
88314822
88314826
88314827
88314828
88314829
88314831
88314834
88314836
88314838
88314843
88314845
88314847
88314848
88314853
88314878
88314879
88314917
88314923
88314992
88315018
88315322
88315323
88315326
88315329
88315336
88315337
88315338
88315341
88315344
88315346
88315347
88315348
88315350
88315351
88315352
88315356
88315358
88315362
88315390
88315394
88315415
88315446
88315462
88315471
88315489
88315492
88315833
88315840
88315850
88315851
88315856
88315857
88315859
88315860
88315861
88315864
88315866
88315868
88315869
88315870
88315871
88315875
88315879
88315890
88315911
88315931
88315959
88315965
88315966
88315978
88316044
88316351
88316352
88316355
88316365
88316366
88316367
88316370
88316371
88316372
88316374
88316376
88316378
88316379
88316382
88316383
88316385
88316386
88316389
88316391
88316392
88316393
88316395
88316396
88316410
88316416
88316438
88316440
88316766
88316858
88316873
88316874
88316877
88316879
88316881
88316883
88316885
88316887
88316889
88316891
88316892
88316898
88316899
88316900
88316902
88316904
88316906
88316908
88316911
88316916
88316928
88316941
88317036
88317041
88317072
88317383
88317387
88317393
88317394
88317397
88317398
88317399
88317400
88317401
88317402
88317403
88317405
88317407
88317410
88317411
88317414
88317415
88317416
88317419
88317420
88317423
88317424
88317428
88317429
88317501
88317534
88317562
88317578
88317591
88317895
88317901
88317910
88317919
88317921
88317922
88317923
88317926
88317927
88317929
88317931
88317932
88317933
88317935
88317936
88317938
88317939
88317941
88317942
88317943
88317944
88317945
88317949
88317974
88318021
88318037
88318056
88318074
88318139
88318406
88318407
88318412
88318415
88318421
88318422
88318423
88318427
88318429
88318432
88318433
88318435
88318437
88318439
88318443
88318444
88318449
88318451
88318455
88318457
88318458
88318461
88318462
88318463
88318468
88318469
88318482
88318492
88318508
88318526
88318583
88318595
88318628
88318921
88318930
88318931
88318940
88318941
88318944
88318945
88318947
88318948
88318950
88318952
88318953
88318954
88318955
88318958
88318959
88318966
88318968
88318969
88318972
88318974
88318975
88318976
88318979
88318982
88318985
88319000
88319035
88319041
88319043
88319081
88319087
88319163
88319434
88319436
88319442
88319452
88319453
88319454
88319459
88319461
88319462
88319463
88319466
88319467
88319468
88319470
88319474
88319476
88319478
88319482
88319483
88319484
88319485
88319488
88319489
88319490
88319491
88319493
88319494
88319495
88319496
88319497
88319498
88319501
88319521
88319585
88319597
88319658
88319943
88319960
88319962
88319965
88319967
88319970
88319971
88319973
88319974
88319975
88319978
88319979
88319980
88319981
88319982
88319983
88319986
88319988
88319992
88319993
88319995
88319997
88320000
88320004
88320006
88320008
88320009
88320010
88320012
88320015
88320023
88320041
88320466
88320467
88320476
88320481
88320488
88320490
88320491
88320494
88320495
88320496
88320497
88320500
88320502
88320504
88320505
88320506
88320507
88320508
88320509
88320513
88320514
88320517
88320518
88320519
88320523
88320524
88320529
88320530
88320535
88320538
88320564
88320700
88320717
88320728
88320987
88320989
88320993
88320999
88321000
88321003
88321005
88321006
88321008
88321009
88321010
88321011
88321015
88321016
88321017
88321018
88321020
88321022
88321023
88321024
88321025
88321026
88321027
88321029
88321032
88321037
88321038
88321041
88321046
88321047
88321239
88321502
88321516
88321517
88321518
88321520
88321524
88321525
88321527
88321529
88321530
88321531
88321534
88321535
88321536
88321537
88321538
88321539
88321541
88321543
88321545
88321546
88321548
88321551
88321556
88321557
88321558
88321559
88321567
88321571
88321610
88321616
88321693
88321745
88322026
88322037
88322038
88322040
88322041
88322045
88322048
88322049
88322050
88322051
88322052
88322055
88322056
88322059
88322061
88322065
88322067
88322071
88322075
88322077
88322079
88322080
88322081
88322085
88322086
88322087
88322088
88322089
88322090
88322091
88322093
88322094
88322098
88322103
88322145
88322163
88322598
88322606
88322611
88322615
88322619
88322621
88322622
88322623
88322629
88322630
88322631
88322634
88322635
88322636
88322637
88322638
88322639
88322640
88322641
88322647
88322649
88322650
88322651
88322652
88322653
88322656
88322657
88322660
88322662
88322665
88322742
88322839
88323120
88323126
88323128
88323137
88323138
88323140
88323142
88323143
88323144
88323146
88323148
88323150
88323152
88323153
88323155
88323157
88323159
88323160
88323162
88323165
88323168
88323170
88323171
88323174
88323175
88323176
88323177
88323178
88323180
88323186
88323192
88323196
88323205
88323228
88323286
88323303
88323640
88323647
88323648
88323654
88323655
88323656
88323658
88323659
88323660
88323664
88323665
88323669
88323672
88323673
88323674
88323675
88323676
88323677
88323679
88323681
88323682
88323683
88323684
88323686
88323688
88323693
88323694
88323696
88323698
88323702
88323706
88323710
88323722
88323740
88323759
88323776
88323783
88323864
88323876
88324066
88324164
88324168
88324169
88324178
88324179
88324181
88324183
88324184
88324185
88324186
88324189
88324190
88324191
88324192
88324195
88324198
88324199
88324205
88324206
88324209
88324210
88324211
88324214
88324215
88324221
88324226
88324229
88324230
88324235
88324239
88324242
88324252
88324288
88324310
88324675
88324685
88324686
88324689
88324692
88324693
88324694
88324699
88324700
88324702
88324704
88324706
88324707
88324710
88324711
88324712
88324713
88324715
88324716
88324717
88324719
88324723
88324725
88324729
88324732
88324736
88324746
88324747
88324749
88324753
88324756
88324757
88324782
88324788
88324792
88324804
88324851
88324855
88324859
88325205
88325207
88325214
88325216
88325218
88325221
88325222
88325223
88325224
88325226
88325227
88325228
88325229
88325231
88325232
88325233
88325235
88325239
88325240
88325241
88325243
88325245
88325246
88325247
88325252
88325256
88325258
88325259
88325260
88325261
88325262
88325263
88325266
88325278
88325303
88325325
88325724
88325730
88325738
88325739
88325741
88325744
88325745
88325746
88325747
88325749
88325752
88325754
88325757
88325762
88325766
88325767
88325768
88325769
88325772
88325776
88325782
88325787
88325788
88325796
88325799
88325800
88325810
88326248
88326251
88326253
88326254
88326256
88326258
88326260
88326262
88326265
88326268
88326269
88326271
88326272
88326273
88326275
88326277
88326278
88326280
88326283
88326284
88326287
88326289
88326290
88326291
88326292
88326293
88326294
88326295
88326297
88326299
88326300
88326301
88326302
88326305
88326307
88326474
88326491
88326763
88326764
88326768
88326770
88326772
88326774
88326775
88326776
88326777
88326778
88326779
88326780
88326781
88326782
88326783
88326786
88326787
88326788
88326789
88326790
88326793
88326794
88326799
88326800
88326802
88326804
88326805
88326809
88326814
88326816
88326818
88326820
88326821
88326829
88326830
88326834
88326843
88326996
88327166
88327275
88327280
88327281
88327282
88327283
88327286
88327291
88327292
88327293
88327294
88327295
88327297
88327298
88327299
88327300
88327301
88327303
88327304
88327306
88327307
88327308
88327310
88327311
88327312
88327314
88327315
88327316
88327317
88327318
88327319
88327321
88327324
88327325
88327332
88327336
88327339
88327340
88327348
88327350
88327674
88327780
88327781
88327786
88327789
88327791
88327792
88327797
88327803
88327806
88327807
88327808
88327809
88327811
88327814
88327815
88327816
88327821
88327822
88327824
88327826
88327827
88327828
88327832
88327835
88327836
88327837
88327841
88327843
88327844
88327845
88327846
88327848
88327850
88327913
88328035
88328208
88328299
88328301
88328306
88328313
88328314
88328315
88328317
88328320
88328323
88328324
88328325
88328328
88328331
88328332
88328333
88328334
88328335
88328336
88328338
88328339
88328340
88328343
88328344
88328345
88328352
88328354
88328357
88328361
88328363
88328371
88328383
88328392
88328395
88328425
88328749
88328846
88328847
88328852
88328855
88328856
88328857
88328858
88328860
88328861
88328866
88328871
88328881
88328882
88328885
88328887
88328889
88328891
88328893
88328896
88328897
88328898
88328900
88328901
88328905
88328906
88328907
88328908
88328910
88328911
88328916
88328917
88328919
88328921
88328988
88329370
88329371
88329372
88329375
88329376
88329377
88329380
88329383
88329384
88329386
88329392
88329393
88329400
88329402
88329404
88329405
88329406
88329408
88329410
88329413
88329415
88329416
88329417
88329419
88329422
88329424
88329426
88329430
88329431
88329434
88329435
88329442
88329447
88329449
88329457
88329460
88329476
88329807
88329892
88329902
88329903
88329904
88329906
88329907
88329912
88329913
88329915
88329919
88329921
88329922
88329923
88329924
88329925
88329927
88329928
88329929
88329930
88329932
88329934
88329935
88329936
88329938
88329939
88329942
88329944
88329949
88329950
88329951
88329952
88329955
88329956
88329962
88329964
88329966
88329968
88330433
88330435
88330436
88330440
88330442
88330443
88330444
88330445
88330448
88330449
88330450
88330452
88330455
88330457
88330458
88330460
88330461
88330462
88330463
88330464
88330470
88330471
88330472
88330473
88330474
88330475
88330476
88330477
88330478
88330485
88330490
88330493
88330495
88330496
88330497
88330498
88330500
88330505
88330507
88330541
88330952
88330956
88330964
88330965
88330966
88330969
88330970
88330972
88330975
88330976
88330977
88330978
88330980
88330984
88330986
88330988
88330990
88330991
88330992
88330993
88330995
88330996
88330998
88331000
88331002
88331008
88331011
88331012
88331015
88331018
88331023
88331026
88331029
88331042
88331092
88331392
88331452
88331469
88331477
88331484
88331486
88331489
88331491
88331493
88331497
88331498
88331499
88331500
88331501
88331502
88331503
88331505
88331506
88331509
88331510
88331511
88331512
88331513
88331514
88331516
88331517
88331518
88331519
88331521
88331523
88331524
88331525
88331532
88331535
88331540
88331547
88331558
88331563
88331998
88332006
88332007
88332010
88332011
88332015
88332016
88332017
88332018
88332021
88332022
88332024
88332025
88332026
88332027
88332029
88332032
88332033
88332034
88332037
88332038
88332039
88332041
88332042
88332043
88332044
88332046
88332048
88332053
88332054
88332055
88332058
88332061
88332062
88332064
88332066
88332069
88332074
88332075
88332084
88332117
88332437
88332490
88332509
88332511
88332514
88332521
88332522
88332526
88332528
88332531
88332532
88332534
88332535
88332536
88332539
88332540
88332541
88332548
88332551
88332553
88332554
88332555
88332556
88332557
88332560
88332562
88332563
88332567
88332571
88332572
88332573
88332574
88332576
88332582
88332584
88332586
88332587
88332591
88332592
88332606
88332734
88332738
88332962
88333027
88333035
88333037
88333038
88333040
88333042
88333043
88333045
88333049
88333052
88333053
88333057
88333058
88333063
88333066
88333067
88333068
88333069
88333075
88333076
88333077
88333079
88333081
88333087
88333090
88333091
88333092
88333093
88333097
88333099
88333100
88333103
88333104
88333107
88333109
88333114
88333117
88333119
88333125
88333158
88333215
88333465
88333532
88333542
88333549
88333552
88333555
88333557
88333559
88333561
88333562
88333564
88333565
88333570
88333571
88333572
88333573
88333574
88333577
88333578
88333582
88333584
88333585
88333586
88333589
88333591
88333594
88333595
88333597
88333598
88333603
88333604
88333607
88333611
88333614
88333615
88333616
88333625
88333626
88333627
88333634
88334018
88334071
88334081
88334084
88334085
88334087
88334089
88334090
88334095
88334098
88334099
88334102
88334104
88334105
88334108
88334110
88334111
88334112
88334115
88334117
88334118
88334119
88334123
88334124
88334128
88334130
88334131
88334134
88334135
88334136
88334140
88334150
88334152
88334180
88334573
88334586
88334590
88334592
88334594
88334597
88334600
88334603
88334604
88334606
88334608
88334609
88334612
88334616
88334618
88334620
88334622
88334628
88334629
88334630
88334633
88334636
88334637
88334639
88334646
88334652
88334658
88334662
88334664
88334666
88334667
88334684
88334687
88334698
88334702
88334713
88334741
88334751
88335123
88335126
88335130
88335132
88335136
88335137
88335140
88335143
88335145
88335147
88335148
88335149
88335152
88335157
88335158
88335159
88335160
88335165
88335168
88335169
88335170
88335171
88335173
88335175
88335181
88335183
88335185
88335187
88335188
88335193
88335199
88335200
88335208
88335251
88335591
88335645
88335647
88335650
88335652
88335653
88335654
88335655
88335656
88335663
88335664
88335666
88335668
88335671
88335672
88335673
88335676
88335678
88335680
88335682
88335685
88335687
88335688
88335690
88335692
88335693
88335694
88335695
88335697
88335699
88335701
88335703
88335704
88335705
88335706
88335707
88335708
88335710
88335711
88335712
88335714
88335716
88335720
88335723
88336119
88336165
88336167
88336169
88336170
88336172
88336173
88336174
88336175
88336176
88336179
88336185
88336186
88336189
88336192
88336194
88336196
88336197
88336200
88336201
88336204
88336205
88336207
88336215
88336216
88336220
88336221
88336222
88336223
88336230
88336231
88336235
88336237
88336241
88336258
88336283
88336295
88336313
88336653
88336694
88336695
88336696
88336697
88336699
88336702
88336703
88336704
88336705
88336707
88336709
88336710
88336711
88336712
88336714
88336715
88336718
88336721
88336723
88336725
88336726
88336728
88336731
88336735
88336737
88336739
88336741
88336742
88336744
88336745
88336746
88336751
88336752
88336753
88336754
88336761
88336762
88336794
88337215
88337216
88337219
88337221
88337222
88337224
88337225
88337227
88337228
88337229
88337230
88337232
88337233
88337234
88337235
88337236
88337237
88337238
88337239
88337241
88337243
88337245
88337246
88337247
88337248
88337249
88337253
88337254
88337256
88337258
88337260
88337268
88337270
88337276
88337277
88337292
88337308
88337391
88337649
88337674
88337701
88337733
88337737
88337743
88337745
88337746
88337749
88337750
88337753
88337754
88337755
88337758
88337760
88337762
88337763
88337765
88337767
88337768
88337769
88337770
88337771
88337774
88337776
88337777
88337778
88337779
88337780
88337781
88337782
88337783
88337784
88337785
88337788
88337790
88337797
88337798
88337801
88337807
88337814
88337880
88337904
88338191
88338210
88338239
88338276
88338278
88338279
88338284
88338286
88338288
88338289
88338291
88338292
88338293
88338296
88338299
88338300
88338301
88338303
88338305
88338306
88338309
88338310
88338311
88338312
88338313
88338314
88338316
88338319
88338321
88338322
88338323
88338326
88338327
88338330
88338331
88338337
88338342
88338478
88338715
88338762
88338803
88338804
88338805
88338806
88338807
88338812
88338814
88338815
88338816
88338819
88338820
88338822
88338823
88338825
88338827
88338828
88338831
88338832
88338833
88338835
88338836
88338838
88338839
88338841
88338842
88338844
88338845
88338848
88338853
88338855
88338859
88338884
88338920
88339243
88339281
88339325
88339326
88339327
88339330
88339331
88339332
88339333
88339336
88339338
88339339
88339340
88339341
88339344
88339345
88339348
88339349
88339351
88339352
88339355
88339356
88339359
88339360
88339361
88339363
88339364
88339367
88339369
88339372
88339373
88339374
88339377
88339381
88339387
88339388
88339389
88339448
88339497
88339733
88339774
88339852
88339854
88339858
88339859
88339861
88339862
88339864
88339866
88339867
88339868
88339869
88339870
88339871
88339872
88339873
88339874
88339878
88339879
88339882
88339883
88339886
88339889
88339890
88339891
88339895
88339896
88339897
88339898
88339899
88339900
88339902
88339903
88339910
88339918
88339919
88339922
88339928
88340034
88340299
88340335
88340365
88340377
88340379
88340382
88340383
88340384
88340385
88340387
88340388
88340390
88340391
88340394
88340395
88340396
88340397
88340398
88340399
88340403
88340404
88340407
88340408
88340410
88340413
88340415
88340416
88340421
88340425
88340428
88340429
88340431
88340433
88340434
88340435
88340437
88340440
88340514
89223740
89225777
89229377
89234522
89269343
89270397
89275052
89275450
89276111
89277018
89278194
89279150
89280751
89280832
89309743
89319263
89321690
89321832
89324454
89324993
89327716
89377999
89383162
89387341
89393617
89396259
89398400
89398925
89400492
89401542
89403661
89405235
89406800
89408383
89408900
89410483
89411523
89412054
89412586
89413648
89415226
89416291
89418570
89419069
89419591
89419610
89420132
89420161
89420690
89420697
89421778
89422342
89422874
89423965
89424476
89425012
89425546
89426090
89426204
89426637
89427154
89427171
89428240
89428788
89429325
89429331
89429866
89430409
89430943
89431475
89433095
89434221
89434703
89435770
89436841
89440593
89442196
89444925
89445417
89445444
89445964
89446572
89448135
89448141
89448672
89449210
89449301
89449776
89450284
89452988
89453030
89456837
89457367
89460326
89467915
89470629
89472873
89474100
89475160
89476092
89481118
89485364
89485947
89489164
89489255
89491934
89492476
89494134
89495215
89508310
89515090
89515629
89517289
89518068
89518930
89520042
89522237
89522779
89523349
89529447
89530175
89530577
89530978
89532096
89534894
89535031
89536163
89536708
89537138
89538398
89538817
89539380
89539508
89539856
89540069
89541621
89542097
89542181
89543292
89545496
89546065
89548291
89548848
89549951
89550496
89550907
89551052
89553239
89553254
89558177
89558303
89559976
89560319
89561597
89561611
89563797
89566442
89567102
89568777
89569810
89570312
89571358
89571367
89571904
89571932
89572470
89572474
89573008
89573019
89573560
89574098
89574651
89574657
89574802
89575357
89575751
89575757
89576301
89576308
89576855
89576864
89577385
89577923
89577951
89577975
89579037
89579574
89579588
89580111
89580129
89580151
89580234
89580655
89580676
89580804
89581211
89581234
89581289
89581785
89582343
89582360
89582853
89582872
89582884
89583398
89583423
89583939
89583960
89584502
89584616
89585028
89585046
89585734
89585769
89586113
89586115
89586659
89587238
89587244
89587770
89587772
89587922
89588302
89588313
89588844
89588872
89589388
89589413
89589944
89589966
89590497
89590535
89591044
89591057
89591059
89591598
89591610
89591623
89592144
89592163
89592692
89592700
89592723
89592729
89593253
89593279
89593286
89593309
89593795
89593802
89593818
89593865
89594339
89594353
89594883
89594901
89594905
89595106
89595451
89595980
89595991
89596000
89596008
89596526
89596538
89596559
89596974
89597073
89597093
89597113
89597635
89597651
89597653
89598721
89599281
89599292
89599828
89599835
89599842
89599861
89599870
89600388
89600389
89600392
89600407
89600413
89600415
89600416
89600937
89600961
89600964
89601363
89601500
89601509
89601513
89601517
89601555
89602071
89602074
89602081
89602083
89602085
89602094
89602614
89602626
89602628
89602629
89602645
89603087
89603157
89603166
89603176
89603702
89604252
89604260
89604264
89604269
89604280
89604283
89604810
89604836
89604837
89605374
89605385
89605389
89605391
89605392
89605925
89605941
89605949
89605952
89605964
89606358
89606475
89606498
89606500
89606504
89606505
89607020
89607038
89607070
89607598
89608115
89608136
89608139
89608147
89608149
89608154
89608171
89608575
89608674
89608693
89608696
89609707
89609810
89609819
89609832
89609839
89609857
89610354
89610368
89610385
89610399
89610884
89610909
89611467
89611516
89611936
89612015
89612033
89612037
89612062
89612577
89612580
89612583
89612591
89613050
89613133
89613159
89613167
89613168